2.33E-21	2.33E-21
1.33E-21	1.33E-21
1.67E-22	1.67E-22
-4.93E-23	-4.93E-23
1.20E-22	1.20E-22
1.16E-24	1.16E-24
-2.48E-23	-2.48E-23
5.80E-24	5.80E-24
2.61E-24	2.61E-24
-7.09E-24	-7.09E-24
-4.70E-24	-4.70E-24
2.15E-24	2.15E-24
4.67E-24	4.67E-24
4.05E-24	4.05E-24
3.36E-24	3.36E-24
2.30E-24	2.30E-24
-1.69E-24	-1.69E-24
-2.01E-24	-2.01E-24
-4.00E-24	-4.00E-24
-7.97E-24	-7.97E-24
-1.72E-23	-1.72E-23
-1.63E-23	-1.63E-23
-7.35E-23	-7.35E-23
-8.37E-23	-8.37E-23
-3.19E-22	-3.19E-22
-3.99E-22	-3.99E-22
-4.27E-22	-4.27E-22
-1.86E-21	-1.86E-21
-2.03E-21	-2.03E-21
-8.45E-21	-8.45E-21
-9.27E-21	-9.27E-21
-3.61E-20	-3.61E-20
-4.08E-20	-4.08E-20
-1.49E-19	-1.49E-19
-1.70E-19	-1.70E-19
-5.92E-19	-5.92E-19
-6.76E-19	-6.76E-19
-2.24E-18	-2.24E-18
-2.57E-18	-2.57E-18
-2.68E-18	-2.68E-18
-9.36E-18	-9.36E-18
-1.00E-17	-1.00E-17
-3.32E-17	-3.32E-17
-3.73E-17	-3.73E-17
-1.11E-16	-1.11E-16
-1.25E-16	-1.25E-16
-2.37E-16	-2.37E-16
-2.47E-16	-2.47E-16
-2.65E-16	-2.65E-16
-2.58E-16	-2.58E-16
-1.60E-16	-1.60E-16
-1.43E-16	-1.43E-16
-1.28E-16	-1.28E-16
-4.56E-17	-4.56E-17
-3.93E-17	-3.93E-17
-1.24E-17	-1.24E-17
-1.12E-17	-1.12E-17
-3.40E-18	-3.40E-18
-3.11E-18	-3.11E-18
-8.87E-19	-8.87E-19
-8.31E-19	-8.31E-19
-2.20E-19	-2.20E-19
-2.11E-19	-2.11E-19
-1.80E-19	-1.80E-19
-5.11E-20	-5.11E-20
-4.38E-20	-4.38E-20
-1.18E-20	-1.18E-20
-1.02E-20	-1.02E-20
-2.64E-21	-2.64E-21
-2.31E-21	-2.31E-21
-5.69E-22	-5.69E-22
-5.06E-22	-5.06E-22
-1.11E-22	-1.11E-22
-1.08E-22	-1.08E-22
-2.68E-23	-2.68E-23
-2.11E-23	-2.11E-23
-2.01E-23	-2.01E-23
-8.00E-24	-8.00E-24
-3.49E-24	-3.49E-24
-1.63E-24	-1.63E-24
-1.08E-24	-1.08E-24
2.59E-24	2.59E-24
2.67E-24	2.67E-24
2.81E-24	2.81E-24
2.73E-24	2.73E-24
1.39E-24	1.39E-24
-5.02E-25	-5.02E-25
-1.96E-24	-1.96E-24
-2.58E-24	-2.58E-24
-2.67E-24	-2.67E-24
-1.47E-24	-1.47E-24
5.97E-25	5.97E-25
1.67E-24	1.67E-24
6.72E-25	6.72E-25
-1.68E-24	-1.68E-24
-4.37E-24	-4.37E-24
1.06E-24	1.06E-24
3.75E-23	3.75E-23
6.04E-23	6.04E-23
-4.16E-23	-4.16E-23
-6.06E-23	-6.06E-23
-2.54E-21	-2.54E-21
3.66E-21	3.66E-21
-1.34E-21	-1.34E-21
-1.26E-21	-1.26E-21
1.14E-21	1.14E-21
2.03E-22	2.03E-22
-2.53E-22	-2.53E-22
-1.51E-23	-1.51E-23
3.88E-23	3.88E-23
-1.90E-23	-1.90E-23
-1.70E-23	-1.70E-23
2.54E-24	2.54E-24
2.97E-24	2.97E-24
8.76E-24	8.76E-24
1.47E-23	1.47E-23
2.23E-23	2.23E-23
4.47E-23	4.47E-23
9.50E-23	9.50E-23
1.89E-22	1.89E-22
3.75E-22	3.75E-22
8.52E-22	8.52E-22
1.73E-21	1.73E-21
3.73E-21	3.73E-21
7.60E-21	7.60E-21
1.62E-20	1.62E-20
3.25E-20	3.25E-20
6.30E-20	6.30E-20
1.35E-19	1.35E-19
2.59E-19	2.59E-19
5.44E-19	5.44E-19
1.03E-18	1.03E-18
2.11E-18	2.11E-18
3.95E-18	3.95E-18
7.90E-18	7.90E-18
1.46E-17	1.46E-17
2.84E-17	2.84E-17
5.16E-17	5.16E-17
9.82E-17	9.82E-17
1.75E-16	1.75E-16
3.02E-16	3.02E-16
5.68E-16	5.68E-16
9.69E-16	9.69E-16
1.80E-15	1.80E-15
3.06E-15	3.06E-15
5.45E-15	5.45E-15
8.31E-15	8.31E-15
1.18E-14	1.18E-14
1.42E-14	1.42E-14
1.52E-14	1.52E-14
1.42E-14	1.42E-14
1.15E-14	1.15E-14
8.39E-15	8.39E-15
5.50E-15	5.50E-15
3.10E-15	3.10E-15
1.81E-15	1.81E-15
9.82E-16	9.82E-16
5.72E-16	5.72E-16
3.07E-16	3.07E-16
1.76E-16	1.76E-16
9.21E-17	9.21E-17
5.21E-17	5.21E-17
2.65E-17	2.65E-17
1.47E-17	1.47E-17
7.28E-18	7.28E-18
3.99E-18	3.99E-18
2.11E-18	2.11E-18
1.04E-18	1.04E-18
5.44E-19	5.44E-19
2.63E-19	2.63E-19
1.36E-19	1.36E-19
6.40E-20	6.40E-20
3.27E-20	3.27E-20
1.51E-20	1.51E-20
7.68E-21	7.68E-21
3.45E-21	3.45E-21
1.75E-21	1.75E-21
8.44E-22	8.44E-22
3.82E-22	3.82E-22
1.90E-22	1.90E-22
9.45E-23	9.45E-23
4.24E-23	4.24E-23
2.23E-23	2.23E-23
1.44E-23	1.44E-23
-2.09E-24	-2.09E-24
-1.12E-24	-1.12E-24
-4.19E-24	-4.19E-24
-5.97E-24	-5.97E-24
-1.04E-24	-1.04E-24
-1.17E-24	-1.17E-24
-1.90E-24	-1.90E-24
2.35E-24	2.35E-24
4.64E-24	4.64E-24
8.60E-25	8.60E-25
4.85E-24	4.85E-24
1.46E-23	1.46E-23
-1.90E-23	-1.90E-23
-1.21E-22	-1.21E-22
2.96E-23	2.96E-23
5.22E-22	5.22E-22
6.28E-22	6.28E-22
4.86E-22	4.86E-22
1.29E-20	1.29E-20
1.37E-20	1.37E-20
9.76E-21	9.76E-21
-1.16E-20	-1.16E-20
2.72E-22	2.72E-22
3.98E-21	3.98E-21
-4.52E-22	-4.52E-22
-1.20E-21	-1.20E-21
1.73E-22	1.73E-22
4.72E-22	4.72E-22
9.85E-23	9.85E-23
-8.65E-23	-8.65E-23
6.95E-23	6.95E-23
1.50E-22	1.50E-22
3.80E-22	3.80E-22
9.31E-22	9.31E-22
2.22E-21	2.22E-21
4.38E-21	4.38E-21
1.02E-20	1.02E-20
2.05E-20	2.05E-20
4.41E-20	4.41E-20
8.78E-20	8.78E-20
1.87E-19	1.87E-19
3.68E-19	3.68E-19
7.72E-19	7.72E-19
1.51E-18	1.51E-18
3.09E-18	3.09E-18
5.98E-18	5.98E-18
1.11E-17	1.11E-17
2.28E-17	2.28E-17
4.20E-17	4.20E-17
8.41E-17	8.41E-17
1.53E-16	1.53E-16
2.98E-16	2.98E-16
5.33E-16	5.33E-16
1.01E-15	1.01E-15
1.78E-15	1.78E-15
3.30E-15	3.30E-15
5.70E-15	5.70E-15
1.03E-14	1.03E-14
1.74E-14	1.74E-14
2.89E-14	2.89E-14
5.26E-14	5.26E-14
8.80E-14	8.80E-14
1.55E-13	1.55E-13
2.35E-13	2.35E-13
3.35E-13	3.35E-13
4.00E-13	4.00E-13
4.28E-13	4.28E-13
4.02E-13	4.02E-13
3.25E-13	3.25E-13
2.39E-13	2.39E-13
1.58E-13	1.58E-13
8.99E-14	8.99E-14
5.32E-14	5.32E-14
2.96E-14	2.96E-14
1.77E-14	1.77E-14
9.80E-15	9.80E-15
5.78E-15	5.78E-15
3.12E-15	3.12E-15
1.81E-15	1.81E-15
9.50E-16	9.50E-16
5.42E-16	5.42E-16
2.78E-16	2.78E-16
1.56E-16	1.56E-16
8.44E-17	8.44E-17
4.30E-17	4.30E-17
2.30E-17	2.30E-17
1.14E-17	1.14E-17
6.03E-18	6.03E-18
2.92E-18	2.92E-18
1.53E-18	1.53E-18
7.25E-19	7.25E-19
3.75E-19	3.75E-19
1.75E-19	1.75E-19
8.93E-20	8.93E-20
4.05E-20	4.05E-20
2.08E-20	2.08E-20
1.01E-20	1.01E-20
4.53E-21	4.53E-21
2.25E-21	2.25E-21
9.48E-22	9.48E-22
3.72E-22	3.72E-22
1.91E-22	1.91E-22
7.03E-23	7.03E-23
6.43E-23	6.43E-23
5.65E-23	5.65E-23
6.95E-23	6.95E-23
6.26E-23	6.26E-23
1.29E-23	1.29E-23
1.77E-23	1.77E-23
-1.85E-23	-1.85E-23
-5.90E-23	-5.90E-23
-2.85E-23	-2.85E-23
4.22E-23	4.22E-23
-1.54E-22	-1.54E-22
-2.11E-22	-2.11E-22
1.02E-21	1.02E-21
-7.88E-22	-7.88E-22
-6.74E-21	-6.74E-21
-3.55E-21	-3.55E-21
2.40E-20	2.40E-20
-1.98E-19	-1.98E-19
-1.62E-19	-1.62E-19
4.39E-20	4.39E-20
-4.34E-20	-4.34E-20
-1.11E-20	-1.11E-20
1.64E-20	1.64E-20
4.32E-21	4.32E-21
-4.79E-21	-4.79E-21
-1.57E-21	-1.57E-21
2.20E-21	2.20E-21
4.39E-21	4.39E-21
6.10E-21	6.10E-21
1.28E-20	1.28E-20
2.61E-20	2.61E-20
4.98E-20	4.98E-20
1.10E-19	1.10E-19
2.18E-19	2.18E-19
4.72E-19	4.72E-19
9.27E-19	9.27E-19
1.98E-18	1.98E-18
2.21E-18	2.21E-18
2.27E-18	2.27E-18
8.88E-18	8.88E-18
3.11E-17	3.11E-17
5.90E-17	5.90E-17
1.18E-16	1.18E-16
2.20E-16	2.20E-16
3.98E-16	3.98E-16
7.91E-16	7.91E-16
1.41E-15	1.41E-15
2.73E-15	2.73E-15
4.79E-15	4.79E-15
9.03E-15	9.03E-15
1.56E-14	1.56E-14
2.86E-14	2.86E-14
4.86E-14	4.86E-14
8.66E-14	8.66E-14
1.44E-13	1.44E-13
2.50E-13	2.50E-13
4.10E-13	4.10E-13
6.57E-13	6.57E-13
1.16E-12	1.16E-12
1.91E-12	1.91E-12
3.32E-12	3.32E-12
4.98E-12	4.98E-12
7.05E-12	7.05E-12
8.41E-12	8.41E-12
9.00E-12	9.00E-12
8.46E-12	8.46E-12
6.87E-12	6.87E-12
5.08E-12	5.08E-12
3.38E-12	3.38E-12
1.96E-12	1.96E-12
1.18E-12	1.18E-12
6.78E-13	6.78E-13
4.17E-13	4.17E-13
2.41E-13	2.41E-13
1.47E-13	1.47E-13
8.26E-14	8.26E-14
4.94E-14	4.94E-14
2.71E-14	2.71E-14
1.59E-14	1.59E-14
8.50E-15	8.50E-15
4.92E-15	4.92E-15
2.75E-15	2.75E-15
1.45E-15	1.45E-15
7.98E-16	7.98E-16
4.10E-16	4.10E-16
2.23E-16	2.23E-16
1.12E-16	1.12E-16
5.99E-17	5.99E-17
2.94E-17	2.94E-17
1.56E-17	1.56E-17
7.45E-18	7.45E-18
3.91E-18	3.91E-18
1.83E-18	1.83E-18
9.48E-19	9.48E-19
4.72E-19	4.72E-19
2.24E-19	2.24E-19
1.10E-19	1.10E-19
5.12E-20	5.12E-20
6.91E-21	6.91E-21
8.04E-21	8.04E-21
6.12E-21	6.12E-21
2.84E-21	2.84E-21
-2.44E-21	-2.44E-21
-1.84E-21	-1.84E-21
-2.28E-21	-2.28E-21
-7.55E-22	-7.55E-22
-5.62E-22	-5.62E-22
-3.71E-22	-3.71E-22
6.79E-22	6.79E-22
9.97E-22	9.97E-22
-4.71E-22	-4.71E-22
-1.89E-21	-1.89E-21
2.45E-21	2.45E-21
7.42E-21	7.42E-21
-1.49E-20	-1.49E-20
4.78E-21	4.78E-21
9.17E-21	9.17E-21
-3.01E-19	-3.01E-19
-1.41E-18	-1.41E-18
-7.25E-19	-7.25E-19
7.00E-19	7.00E-19
2.65E-19	2.65E-19
-2.38E-19	-2.38E-19
-7.56E-20	-7.56E-20
7.37E-20	7.37E-20
3.85E-20	3.85E-20
1.20E-20	1.20E-20
4.51E-20	4.51E-20
1.14E-19	1.14E-19
2.52E-19	2.52E-19
4.94E-19	4.94E-19
1.11E-18	1.11E-18
2.17E-18	2.17E-18
4.67E-18	4.67E-18
9.00E-18	9.00E-18
1.90E-17	1.90E-17
3.63E-17	3.63E-17
7.46E-17	7.46E-17
1.41E-16	1.41E-16
2.83E-16	2.83E-16
5.27E-16	5.27E-16
1.04E-15	1.04E-15
1.90E-15	1.90E-15
3.38E-15	3.38E-15
6.60E-15	6.60E-15
1.16E-14	1.16E-14
2.19E-14	2.19E-14
3.78E-14	3.78E-14
6.97E-14	6.97E-14
1.18E-13	1.18E-13
2.12E-13	2.12E-13
3.52E-13	3.52E-13
6.13E-13	6.13E-13
9.98E-13	9.98E-13
1.69E-12	1.69E-12
2.69E-12	2.69E-12
4.19E-12	4.19E-12
6.94E-12	6.94E-12
1.07E-11	1.07E-11
1.82E-11	1.82E-11
2.92E-11	2.92E-11
4.96E-11	4.96E-11
7.37E-11	7.37E-11
1.03E-10	1.03E-10
1.22E-10	1.22E-10
1.31E-10	1.31E-10
1.23E-10	1.23E-10
1.00E-10	1.00E-10
7.46E-11	7.46E-11
5.02E-11	5.02E-11
2.98E-11	2.98E-11
1.84E-11	1.84E-11
1.09E-11	1.09E-11
7.02E-12	7.02E-12
4.26E-12	4.26E-12
2.73E-12	2.73E-12
1.61E-12	1.61E-12
1.01E-12	1.01E-12
5.82E-13	5.82E-13
3.57E-13	3.57E-13
2.13E-13	2.13E-13
1.20E-13	1.20E-13
7.03E-14	7.03E-14
3.85E-14	3.85E-14
2.22E-14	2.22E-14
1.18E-14	1.18E-14
6.68E-15	6.68E-15
3.47E-15	3.47E-15
1.93E-15	1.93E-15
9.78E-16	9.78E-16
5.37E-16	5.37E-16
2.65E-16	2.65E-16
1.44E-16	1.44E-16
7.47E-17	7.47E-17
3.70E-17	3.70E-17
1.91E-17	1.91E-17
9.21E-18	9.21E-18
4.71E-18	4.71E-18
2.23E-18	2.23E-18
1.12E-18	1.12E-18
5.08E-19	5.08E-19
2.55E-19	2.55E-19
1.10E-19	1.10E-19
4.92E-20	4.92E-20
3.09E-20	3.09E-20
1.57E-20	1.57E-20
1.02E-20	1.02E-20
1.03E-20	1.03E-20
1.06E-20	1.06E-20
-9.06E-22	-9.06E-22
-7.78E-21	-7.78E-21
-4.03E-21	-4.03E-21
2.54E-20	2.54E-20
2.83E-20	2.83E-20
-8.27E-20	-8.27E-20
-6.24E-20	-6.24E-20
1.00E-19	1.00E-19
-1.44E-20	-1.44E-20
-7.63E-19	-7.63E-19
3.29E-18	3.29E-18
1.36E-19	1.36E-19
-2.04E-18	-2.04E-18
1.93E-18	1.93E-18
4.15E-19	4.15E-19
-5.52E-19	-5.52E-19
3.18E-19	3.18E-19
7.53E-19	7.53E-19
1.25E-18	1.25E-18
2.54E-18	2.54E-18
5.33E-18	5.33E-18
1.05E-17	1.05E-17
2.16E-17	2.16E-17
4.27E-17	4.27E-17
8.11E-17	8.11E-17
1.69E-16	1.69E-16
3.16E-16	3.16E-16
6.40E-16	6.40E-16
1.19E-15	1.19E-15
2.34E-15	2.34E-15
4.27E-15	4.27E-15
8.21E-15	8.21E-15
1.48E-14	1.48E-14
2.77E-14	2.77E-14
4.90E-14	4.90E-14
8.39E-14	8.39E-14
1.55E-13	1.55E-13
2.60E-13	2.60E-13
4.67E-13	4.67E-13
7.70E-13	7.70E-13
1.34E-12	1.34E-12
2.15E-12	2.15E-12
3.62E-12	3.62E-12
5.71E-12	5.71E-12
9.30E-12	9.30E-12
1.43E-11	1.43E-11
2.25E-11	2.25E-11
3.37E-11	3.37E-11
4.94E-11	4.94E-11
7.57E-11	7.57E-11
1.11E-10	1.11E-10
1.78E-10	1.78E-10
2.79E-10	2.79E-10
4.56E-10	4.56E-10
6.63E-10	6.63E-10
9.03E-10	9.03E-10
1.07E-09	1.07E-09
1.14E-09	1.14E-09
1.07E-09	1.07E-09
8.85E-10	8.85E-10
6.68E-10	6.68E-10
4.59E-10	4.59E-10
2.82E-10	2.82E-10
1.78E-10	1.78E-10
1.12E-10	1.12E-10
7.60E-11	7.60E-11
4.99E-11	4.99E-11
3.40E-11	3.40E-11
2.17E-11	2.17E-11
1.44E-11	1.44E-11
8.90E-12	8.90E-12
5.77E-12	5.77E-12
3.55E-12	3.55E-12
2.18E-12	2.18E-12
1.34E-12	1.34E-12
7.80E-13	7.80E-13
4.69E-13	4.69E-13
2.64E-13	2.64E-13
1.56E-13	1.56E-13
8.53E-14	8.53E-14
4.95E-14	4.95E-14
2.63E-14	2.63E-14
1.50E-14	1.50E-14
7.73E-15	7.73E-15
4.33E-15	4.33E-15
2.34E-15	2.34E-15
1.20E-15	1.20E-15
6.41E-16	6.41E-16
3.21E-16	3.21E-16
1.69E-16	1.69E-16
8.24E-17	8.24E-17
4.29E-17	4.29E-17
2.06E-17	2.06E-17
1.05E-17	1.05E-17
5.01E-18	5.01E-18
2.62E-18	2.62E-18
1.14E-18	1.14E-18
5.99E-19	5.99E-19
3.18E-19	3.18E-19
8.87E-20	8.87E-20
-1.39E-20	-1.39E-20
1.84E-21	1.84E-21
-1.78E-20	-1.78E-20
6.66E-20	6.66E-20
3.98E-20	3.98E-20
-3.56E-19	-3.56E-19
-6.90E-20	-6.90E-20
1.25E-18	1.25E-18
1.17E-18	1.17E-18
5.37E-19	5.37E-19
2.46E-18	2.46E-18
4.62E-19	4.62E-19
5.11E-18	5.11E-18
-9.80E-18	-9.80E-18
-2.69E-18	-2.69E-18
9.38E-18	9.38E-18
5.95E-18	5.95E-18
7.38E-18	7.38E-18
2.17E-17	2.17E-17
4.64E-17	4.64E-17
8.83E-17	8.83E-17
1.82E-16	1.82E-16
3.51E-16	3.51E-16
7.01E-16	7.01E-16
1.33E-15	1.33E-15
2.44E-15	2.44E-15
4.86E-15	4.86E-15
8.76E-15	8.76E-15
1.70E-14	1.70E-14
3.02E-14	3.02E-14
5.69E-14	5.69E-14
9.90E-14	9.90E-14
1.81E-13	1.81E-13
3.09E-13	3.09E-13
5.51E-13	5.51E-13
9.21E-13	9.21E-13
1.59E-12	1.59E-12
2.60E-12	2.60E-12
4.12E-12	4.12E-12
6.88E-12	6.88E-12
1.06E-11	1.06E-11
1.71E-11	1.71E-11
2.57E-11	2.57E-11
3.98E-11	3.98E-11
5.80E-11	5.80E-11
8.60E-11	8.60E-11
1.21E-10	1.21E-10
1.72E-10	1.72E-10
2.34E-10	2.34E-10
3.10E-10	3.10E-10
4.19E-10	4.19E-10
5.66E-10	5.66E-10
8.52E-10	8.52E-10
1.30E-09	1.30E-09
2.00E-09	2.00E-09
2.77E-09	2.77E-09
3.59E-09	3.59E-09
4.17E-09	4.17E-09
4.42E-09	4.42E-09
4.18E-09	4.18E-09
3.56E-09	3.56E-09
2.79E-09	2.79E-09
2.01E-09	2.01E-09
1.31E-09	1.31E-09
8.53E-10	8.53E-10
5.73E-10	5.73E-10
4.20E-10	4.20E-10
3.13E-10	3.13E-10
2.35E-10	2.35E-10
1.69E-10	1.69E-10
1.22E-10	1.22E-10
8.39E-11	8.39E-11
5.87E-11	5.87E-11
3.85E-11	3.85E-11
2.61E-11	2.61E-11
1.72E-11	1.72E-11
1.08E-11	1.08E-11
6.93E-12	6.93E-12
4.19E-12	4.19E-12
2.62E-12	2.62E-12
1.53E-12	1.53E-12
9.34E-13	9.34E-13
5.28E-13	5.28E-13
3.15E-13	3.15E-13
1.73E-13	1.73E-13
1.01E-13	1.01E-13
5.36E-14	5.36E-14
3.08E-14	3.08E-14
1.71E-14	1.71E-14
8.97E-15	8.97E-15
4.89E-15	4.89E-15
2.50E-15	2.50E-15
1.34E-15	1.34E-15
6.66E-16	6.66E-16
3.55E-16	3.55E-16
1.71E-16	1.71E-16
8.93E-17	8.93E-17
4.23E-17	4.23E-17
2.16E-17	2.16E-17
1.01E-17	1.01E-17
5.36E-18	5.36E-18
2.94E-18	2.94E-18
1.27E-18	1.27E-18
1.05E-18	1.05E-18
8.67E-19	8.67E-19
-4.80E-19	-4.80E-19
-7.51E-19	-7.51E-19
3.20E-18	3.20E-18
-3.23E-18	-3.23E-18
-9.54E-18	-9.54E-18
-3.85E-18	-3.85E-18
2.75E-17	2.75E-17
-8.14E-17	-8.14E-17
-1.33E-16	-1.33E-16
8.02E-17	8.02E-17
3.54E-18	3.54E-18
7.07E-17	7.07E-17
1.97E-16	1.97E-16
3.76E-16	3.76E-16
6.77E-16	6.77E-16
1.38E-15	1.38E-15
2.59E-15	2.59E-15
5.08E-15	5.08E-15
9.40E-15	9.40E-15
1.80E-14	1.80E-14
3.26E-14	3.26E-14
5.71E-14	5.71E-14
8.29E-14	8.29E-14
1.69E-13	1.69E-13
3.41E-13	3.41E-13
5.75E-13	5.75E-13
1.02E-12	1.02E-12
1.55E-12	1.55E-12
2.36E-12	2.36E-12
4.32E-12	4.32E-12
6.43E-12	6.43E-12
1.18E-11	1.18E-11
1.88E-11	1.88E-11
2.85E-11	2.85E-11
4.18E-11	4.18E-11
6.30E-11	6.30E-11
8.92E-11	8.92E-11
1.28E-10	1.28E-10
1.74E-10	1.74E-10
2.35E-10	2.35E-10
3.03E-10	3.03E-10
3.83E-10	3.83E-10
4.63E-10	4.63E-10
5.32E-10	5.32E-10
5.81E-10	5.81E-10
5.77E-10	5.77E-10
5.83E-10	5.83E-10
6.90E-10	6.90E-10
1.07E-09	1.07E-09
1.64E-09	1.64E-09
2.15E-09	2.15E-09
2.22E-09	2.22E-09
1.95E-09	1.95E-09
1.71E-09	1.71E-09
1.53E-09	1.53E-09
1.66E-09	1.66E-09
2.05E-09	2.05E-09
2.15E-09	2.15E-09
2.01E-09	2.01E-09
1.63E-09	1.63E-09
1.06E-09	1.06E-09
6.95E-10	6.95E-10
5.73E-10	5.73E-10
5.93E-10	5.93E-10
5.77E-10	5.77E-10
5.36E-10	5.36E-10
4.63E-10	4.63E-10
3.81E-10	3.81E-10
3.05E-10	3.05E-10
2.32E-10	2.32E-10
1.75E-10	1.75E-10
1.29E-10	1.29E-10
9.04E-11	9.04E-11
6.35E-11	6.35E-11
4.25E-11	4.25E-11
2.87E-11	2.87E-11
1.84E-11	1.84E-11
1.20E-11	1.20E-11
7.38E-12	7.38E-12
4.69E-12	4.69E-12
2.76E-12	2.76E-12
1.71E-12	1.71E-12
9.72E-13	9.72E-13
5.88E-13	5.88E-13
3.44E-13	3.44E-13
1.91E-13	1.91E-13
1.09E-13	1.09E-13
5.87E-14	5.87E-14
2.24E-14	2.24E-14
1.46E-14	1.46E-14
9.49E-15	9.49E-15
4.82E-15	4.82E-15
1.78E-15	1.78E-15
1.11E-15	1.11E-15
4.75E-16	4.75E-16
3.65E-16	3.65E-16
1.79E-16	1.79E-16
8.88E-17	8.88E-17
4.40E-17	4.40E-17
2.27E-17	2.27E-17
3.27E-18	3.27E-18
-5.26E-18	-5.26E-18
1.39E-17	1.39E-17
1.55E-17	1.55E-17
-1.53E-17	-1.53E-17
6.90E-18	6.90E-18
5.90E-18	5.90E-18
1.04E-16	1.04E-16
-1.12E-17	-1.12E-17
-1.68E-16	-1.68E-16
8.15E-16	8.15E-16
1.35E-15	1.35E-15
2.45E-15	2.45E-15
4.67E-15	4.67E-15
9.39E-15	9.39E-15
1.71E-14	1.71E-14
3.29E-14	3.29E-14
5.90E-14	5.90E-14
1.10E-13	1.10E-13
1.94E-13	1.94E-13
3.30E-13	3.30E-13
6.02E-13	6.02E-13
1.00E-12	1.00E-12
1.76E-12	1.76E-12
2.86E-12	2.86E-12
4.86E-12	4.86E-12
7.66E-12	7.66E-12
1.25E-11	1.25E-11
1.90E-11	1.90E-11
2.96E-11	2.96E-11
4.37E-11	4.37E-11
6.48E-11	6.48E-11
9.15E-11	9.15E-11
1.26E-10	1.26E-10
1.73E-10	1.73E-10
2.25E-10	2.25E-10
2.87E-10	2.87E-10
3.50E-10	3.50E-10
4.05E-10	4.05E-10
4.46E-10	4.46E-10
4.42E-10	4.42E-10
3.95E-10	3.95E-10
2.41E-10	2.41E-10
6.24E-12	6.24E-12
-4.03E-10	-4.03E-10
-9.17E-10	-9.17E-10
-1.51E-09	-1.51E-09
-1.94E-09	-1.94E-09
-1.92E-09	-1.92E-09
-2.02E-09	-2.02E-09
-3.20E-09	-3.20E-09
-6.45E-09	-6.45E-09
-1.08E-08	-1.08E-08
-1.65E-08	-1.65E-08
-2.09E-08	-2.09E-08
-2.29E-08	-2.29E-08
-2.10E-08	-2.10E-08
-1.61E-08	-1.61E-08
-1.09E-08	-1.09E-08
-6.51E-09	-6.51E-09
-3.30E-09	-3.30E-09
-2.02E-09	-2.02E-09
-1.91E-09	-1.91E-09
-1.95E-09	-1.95E-09
-1.52E-09	-1.52E-09
-9.30E-10	-9.30E-10
-3.63E-10	-3.63E-10
-4.44E-12	-4.44E-12
2.69E-10	2.69E-10
3.89E-10	3.89E-10
4.39E-10	4.39E-10
4.44E-10	4.44E-10
4.05E-10	4.05E-10
3.50E-10	3.50E-10
2.88E-10	2.88E-10
2.26E-10	2.26E-10
1.73E-10	1.73E-10
1.27E-10	1.27E-10
9.21E-11	9.21E-11
6.33E-11	6.33E-11
4.41E-11	4.41E-11
2.87E-11	2.87E-11
1.93E-11	1.93E-11
1.25E-11	1.25E-11
7.76E-12	7.76E-12
4.89E-12	4.89E-12
2.91E-12	2.91E-12
1.78E-12	1.78E-12
1.02E-12	1.02E-12
6.08E-13	6.08E-13
3.36E-13	3.36E-13
1.96E-13	1.96E-13
1.05E-13	1.05E-13
5.98E-14	5.98E-14
3.10E-14	3.10E-14
1.74E-14	1.74E-14
9.34E-15	9.34E-15
4.78E-15	4.78E-15
2.55E-15	2.55E-15
1.29E-15	1.29E-15
6.59E-16	6.59E-16
3.31E-16	3.31E-16
2.66E-16	2.66E-16
1.15E-16	1.15E-16
-9.03E-17	-9.03E-17
-1.47E-17	-1.47E-17
9.32E-17	9.32E-17
1.85E-17	1.85E-17
2.16E-15	2.16E-15
7.07E-15	7.07E-15
1.15E-14	1.15E-14
1.66E-14	1.66E-14
2.98E-14	2.98E-14
5.80E-14	5.80E-14
1.03E-13	1.03E-13
1.91E-13	1.91E-13
3.31E-13	3.31E-13
5.95E-13	5.95E-13
1.01E-12	1.01E-12
1.75E-12	1.75E-12
2.89E-12	2.89E-12
4.84E-12	4.84E-12
7.74E-12	7.74E-12
1.20E-11	1.20E-11
1.92E-11	1.92E-11
2.87E-11	2.87E-11
4.37E-11	4.37E-11
6.26E-11	6.26E-11
9.02E-11	9.02E-11
1.23E-10	1.23E-10
1.66E-10	1.66E-10
2.14E-10	2.14E-10
2.66E-10	2.66E-10
3.15E-10	3.15E-10
3.56E-10	3.56E-10
3.67E-10	3.67E-10
3.49E-10	3.49E-10
2.54E-10	2.54E-10
1.07E-10	1.07E-10
-1.67E-10	-1.67E-10
-5.12E-10	-5.12E-10
-1.01E-09	-1.01E-09
-1.58E-09	-1.58E-09
-2.28E-09	-2.28E-09
-3.04E-09	-3.04E-09
-3.83E-09	-3.83E-09
-4.52E-09	-4.52E-09
-4.81E-09	-4.81E-09
-4.24E-09	-4.24E-09
-4.47E-09	-4.47E-09
-7.91E-09	-7.91E-09
-1.44E-08	-1.44E-08
-2.51E-08	-2.51E-08
-3.76E-08	-3.76E-08
-5.04E-08	-5.04E-08
-5.89E-08	-5.89E-08
-6.22E-08	-6.22E-08
-5.89E-08	-5.89E-08
-5.00E-08	-5.00E-08
-3.77E-08	-3.77E-08
-2.51E-08	-2.51E-08
-1.46E-08	-1.46E-08
-7.91E-09	-7.91E-09
-4.56E-09	-4.56E-09
-4.22E-09	-4.22E-09
-4.77E-09	-4.77E-09
-4.52E-09	-4.52E-09
-3.83E-09	-3.83E-09
-3.04E-09	-3.04E-09
-2.26E-09	-2.26E-09
-1.59E-09	-1.59E-09
-9.75E-10	-9.75E-10
-5.20E-10	-5.20E-10
-1.70E-10	-1.70E-10
1.00E-10	1.00E-10
2.52E-10	2.52E-10
3.45E-10	3.45E-10
3.65E-10	3.65E-10
3.55E-10	3.55E-10
3.15E-10	3.15E-10
2.65E-10	2.65E-10
2.14E-10	2.14E-10
1.64E-10	1.64E-10
1.24E-10	1.24E-10
9.04E-11	9.04E-11
6.31E-11	6.31E-11
4.38E-11	4.38E-11
2.90E-11	2.90E-11
1.93E-11	1.93E-11
1.21E-11	1.21E-11
7.78E-12	7.78E-12
4.68E-12	4.68E-12
2.91E-12	2.91E-12
1.68E-12	1.68E-12
1.02E-12	1.02E-12
5.66E-13	5.66E-13
3.34E-13	3.34E-13
1.90E-13	1.90E-13
1.04E-13	1.04E-13
5.80E-14	5.80E-14
3.04E-14	3.04E-14
1.66E-14	1.66E-14
8.60E-15	8.60E-15
4.46E-15	4.46E-15
2.06E-15	2.06E-15
1.34E-15	1.34E-15
6.40E-16	6.40E-16
5.92E-16	5.92E-16
4.32E-16	4.32E-16
4.03E-14	4.03E-14
6.37E-14	6.37E-14
1.93E-13	1.93E-13
3.21E-13	3.21E-13
5.38E-13	5.38E-13
9.61E-13	9.61E-13
1.60E-12	1.60E-12
2.75E-12	2.75E-12
4.45E-12	4.45E-12
7.38E-12	7.38E-12
1.15E-11	1.15E-11
1.83E-11	1.83E-11
2.76E-11	2.76E-11
4.17E-11	4.17E-11
6.00E-11	6.00E-11
8.36E-11	8.36E-11
1.17E-10	1.17E-10
1.54E-10	1.54E-10
1.98E-10	1.98E-10
2.43E-10	2.43E-10
2.82E-10	2.82E-10
3.11E-10	3.11E-10
3.07E-10	3.07E-10
2.72E-10	2.72E-10
1.67E-10	1.67E-10
8.10E-12	8.10E-12
-2.49E-10	-2.49E-10
-5.74E-10	-5.74E-10
-9.76E-10	-9.76E-10
-1.49E-09	-1.49E-09
-2.05E-09	-2.05E-09
-2.68E-09	-2.68E-09
-3.34E-09	-3.34E-09
-3.99E-09	-3.99E-09
-4.61E-09	-4.61E-09
-5.09E-09	-5.09E-09
-5.46E-09	-5.46E-09
-5.54E-09	-5.54E-09
-5.09E-09	-5.09E-09
-3.81E-09	-3.81E-09
-3.98E-09	-3.98E-09
-7.89E-09	-7.89E-09
-1.78E-08	-1.78E-08
-3.16E-08	-3.16E-08
-4.95E-08	-4.95E-08
-6.65E-08	-6.65E-08
-8.00E-08	-8.00E-08
-8.79E-08	-8.79E-08
-9.06E-08	-9.06E-08
-8.79E-08	-8.79E-08
-8.02E-08	-8.02E-08
-6.66E-08	-6.66E-08
-4.96E-08	-4.96E-08
-3.19E-08	-3.19E-08
-1.78E-08	-1.78E-08
-8.16E-09	-8.16E-09
-3.94E-09	-3.94E-09
-3.83E-09	-3.83E-09
-5.08E-09	-5.08E-09
-5.59E-09	-5.59E-09
-5.44E-09	-5.44E-09
-5.13E-09	-5.13E-09
-4.60E-09	-4.60E-09
-4.00E-09	-4.00E-09
-3.34E-09	-3.34E-09
-2.68E-09	-2.68E-09
-2.06E-09	-2.06E-09
-1.50E-09	-1.50E-09
-9.85E-10	-9.85E-10
-5.79E-10	-5.79E-10
-2.30E-10	-2.30E-10
3.22E-12	3.22E-12
1.81E-10	1.81E-10
2.67E-10	2.67E-10
3.14E-10	3.14E-10
3.09E-10	3.09E-10
2.84E-10	2.84E-10
2.43E-10	2.43E-10
1.98E-10	1.98E-10
1.54E-10	1.54E-10
1.17E-10	1.17E-10
8.44E-11	8.44E-11
6.03E-11	6.03E-11
4.08E-11	4.08E-11
2.78E-11	2.78E-11
1.78E-11	1.78E-11
1.17E-11	1.17E-11
7.10E-12	7.10E-12
4.49E-12	4.49E-12
2.62E-12	2.62E-12
1.61E-12	1.61E-12
9.54E-13	9.54E-13
5.40E-13	5.40E-13
3.12E-13	3.12E-13
1.71E-13	1.71E-13
9.66E-14	9.66E-14
5.19E-14	5.19E-14
2.81E-14	2.81E-14
1.31E-14	1.31E-14
8.06E-15	8.06E-15
4.63E-15	4.63E-15
1.00E-12	1.00E-12
1.35E-12	1.35E-12
2.37E-12	2.37E-12
4.15E-12	4.15E-12
6.52E-12	6.52E-12
1.07E-11	1.07E-11
1.64E-11	1.64E-11
2.55E-11	2.55E-11
3.76E-11	3.76E-11
5.54E-11	5.54E-11
7.77E-11	7.77E-11
1.07E-10	1.07E-10
1.42E-10	1.42E-10
1.81E-10	1.81E-10
2.20E-10	2.20E-10
2.55E-10	2.55E-10
2.73E-10	2.73E-10
2.69E-10	2.69E-10
2.19E-10	2.19E-10
1.30E-10	1.30E-10
-4.13E-11	-4.13E-11
-2.78E-10	-2.78E-10
-5.73E-10	-5.73E-10
-9.54E-10	-9.54E-10
-1.38E-09	-1.38E-09
-1.86E-09	-1.86E-09
-2.39E-09	-2.39E-09
-2.94E-09	-2.94E-09
-3.50E-09	-3.50E-09
-4.02E-09	-4.02E-09
-4.50E-09	-4.50E-09
-4.81E-09	-4.81E-09
-5.00E-09	-5.00E-09
-4.93E-09	-4.93E-09
-4.72E-09	-4.72E-09
-4.22E-09	-4.22E-09
-3.56E-09	-3.56E-09
-2.43E-09	-2.43E-09
-4.33E-10	-4.33E-10
4.76E-10	4.76E-10
-3.97E-09	-3.97E-09
-1.41E-08	-1.41E-08
-3.01E-08	-3.01E-08
-4.83E-08	-4.83E-08
-6.46E-08	-6.46E-08
-7.53E-08	-7.53E-08
-7.84E-08	-7.84E-08
-7.84E-08	-7.84E-08
-7.77E-08	-7.77E-08
-7.82E-08	-7.82E-08
-7.92E-08	-7.92E-08
-7.50E-08	-7.50E-08
-6.48E-08	-6.48E-08
-4.83E-08	-4.83E-08
-3.02E-08	-3.02E-08
-1.44E-08	-1.44E-08
-3.93E-09	-3.93E-09
3.35E-10	3.35E-10
-4.08E-10	-4.08E-10
-2.47E-09	-2.47E-09
-3.53E-09	-3.53E-09
-4.28E-09	-4.28E-09
-4.70E-09	-4.70E-09
-4.99E-09	-4.99E-09
-4.98E-09	-4.98E-09
-4.79E-09	-4.79E-09
-4.48E-09	-4.48E-09
-4.02E-09	-4.02E-09
-3.50E-09	-3.50E-09
-2.94E-09	-2.94E-09
-2.38E-09	-2.38E-09
-1.86E-09	-1.86E-09
-1.37E-09	-1.37E-09
-9.44E-10	-9.44E-10
-5.58E-10	-5.58E-10
-2.70E-10	-2.70E-10
-2.42E-11	-2.42E-11
1.23E-10	1.23E-10
2.16E-10	2.16E-10
2.67E-10	2.67E-10
2.71E-10	2.71E-10
2.54E-10	2.54E-10
2.28E-10	2.28E-10
1.84E-10	1.84E-10
1.42E-10	1.42E-10
1.06E-10	1.06E-10
7.82E-11	7.82E-11
5.55E-11	5.55E-11
3.73E-11	3.73E-11
2.56E-11	2.56E-11
1.65E-11	1.65E-11
1.07E-11	1.07E-11
6.58E-12	6.58E-12
4.10E-12	4.10E-12
2.42E-12	2.42E-12
1.45E-12	1.45E-12
8.30E-13	8.30E-13
4.82E-13	4.82E-13
2.61E-13	2.61E-13
1.86E-13	1.86E-13
9.75E-14	9.75E-14
8.49E-12	8.49E-12
1.46E-11	1.46E-11
2.17E-11	2.17E-11
3.37E-11	3.37E-11
4.86E-11	4.86E-11
7.01E-11	7.01E-11
9.56E-11	9.56E-11
1.28E-10	1.28E-10
1.62E-10	1.62E-10
1.98E-10	1.98E-10
2.28E-10	2.28E-10
2.42E-10	2.42E-10
2.35E-10	2.35E-10
1.98E-10	1.98E-10
9.63E-11	9.63E-11
-4.17E-11	-4.17E-11
-2.65E-10	-2.65E-10
-5.27E-10	-5.27E-10
-8.68E-10	-8.68E-10
-1.24E-09	-1.24E-09
-1.67E-09	-1.67E-09
-2.12E-09	-2.12E-09
-2.60E-09	-2.60E-09
-3.08E-09	-3.08E-09
-3.54E-09	-3.54E-09
-3.95E-09	-3.95E-09
-4.29E-09	-4.29E-09
-4.43E-09	-4.43E-09
-4.47E-09	-4.47E-09
-4.24E-09	-4.24E-09
-3.89E-09	-3.89E-09
-3.27E-09	-3.27E-09
-2.54E-09	-2.54E-09
-1.55E-09	-1.55E-09
-4.44E-10	-4.44E-10
8.79E-10	8.79E-10
2.39E-09	2.39E-09
4.72E-09	4.72E-09
6.26E-09	6.26E-09
3.39E-09	3.39E-09
-7.64E-09	-7.64E-09
-2.31E-08	-2.31E-08
-3.99E-08	-3.99E-08
-5.27E-08	-5.27E-08
-5.41E-08	-5.41E-08
-4.56E-08	-4.56E-08
-2.91E-08	-2.91E-08
-1.58E-08	-1.58E-08
-9.88E-09	-9.88E-09
-1.56E-08	-1.56E-08
-2.95E-08	-2.95E-08
-4.51E-08	-4.51E-08
-5.40E-08	-5.40E-08
-5.23E-08	-5.23E-08
-4.00E-08	-4.00E-08
-2.32E-08	-2.32E-08
-7.65E-09	-7.65E-09
3.07E-09	3.07E-09
6.26E-09	6.26E-09
4.66E-09	4.66E-09
2.40E-09	2.40E-09
8.45E-10	8.45E-10
-4.31E-10	-4.31E-10
-1.55E-09	-1.55E-09
-2.52E-09	-2.52E-09
-3.26E-09	-3.26E-09
-3.87E-09	-3.87E-09
-4.22E-09	-4.22E-09
-4.45E-09	-4.45E-09
-4.42E-09	-4.42E-09
-4.28E-09	-4.28E-09
-3.95E-09	-3.95E-09
-3.55E-09	-3.55E-09
-3.08E-09	-3.08E-09
-2.60E-09	-2.60E-09
-2.12E-09	-2.12E-09
-1.67E-09	-1.67E-09
-1.24E-09	-1.24E-09
-8.71E-10	-8.71E-10
-5.33E-10	-5.33E-10
-2.69E-10	-2.69E-10
-4.77E-11	-4.77E-11
9.31E-11	9.31E-11
1.94E-10	1.94E-10
2.33E-10	2.33E-10
2.46E-10	2.46E-10
2.27E-10	2.27E-10
1.98E-10	1.98E-10
1.63E-10	1.63E-10
1.28E-10	1.28E-10
9.60E-11	9.60E-11
7.03E-11	7.03E-11
4.89E-11	4.89E-11
3.38E-11	3.38E-11
2.22E-11	2.22E-11
1.47E-11	1.47E-11
9.07E-12	9.07E-12
5.75E-12	5.75E-12
3.39E-12	3.39E-12
2.03E-12	2.03E-12
1.13E-12	1.13E-12
6.39E-11	6.39E-11
8.77E-11	8.77E-11
1.14E-10	1.14E-10
1.45E-10	1.45E-10
1.76E-10	1.76E-10
2.03E-10	2.03E-10
2.19E-10	2.19E-10
2.08E-10	2.08E-10
1.71E-10	1.71E-10
8.15E-11	8.15E-11
-4.73E-11	-4.73E-11
-2.44E-10	-2.44E-10
-4.82E-10	-4.82E-10
-7.81E-10	-7.81E-10
-1.11E-09	-1.11E-09
-1.48E-09	-1.48E-09
-1.88E-09	-1.88E-09
-2.30E-09	-2.30E-09
-2.72E-09	-2.72E-09
-3.13E-09	-3.13E-09
-3.49E-09	-3.49E-09
-3.79E-09	-3.79E-09
-3.94E-09	-3.94E-09
-3.99E-09	-3.99E-09
-3.82E-09	-3.82E-09
-3.52E-09	-3.52E-09
-3.05E-09	-3.05E-09
-2.36E-09	-2.36E-09
-1.56E-09	-1.56E-09
-5.38E-10	-5.38E-10
5.73E-10	5.73E-10
1.84E-09	1.84E-09
3.18E-09	3.18E-09
4.59E-09	4.59E-09
6.02E-09	6.02E-09
7.44E-09	7.44E-09
9.25E-09	9.25E-09
1.13E-08	1.13E-08
8.97E-09	8.97E-09
-2.34E-10	-2.34E-10
-1.62E-08	-1.62E-08
-3.17E-08	-3.17E-08
-3.97E-08	-3.97E-08
-3.49E-08	-3.49E-08
-1.14E-08	-1.14E-08
2.18E-08	2.18E-08
5.84E-08	5.84E-08
8.35E-08	8.35E-08
9.37E-08	9.37E-08
8.36E-08	8.36E-08
5.72E-08	5.72E-08
2.22E-08	2.22E-08
-1.14E-08	-1.14E-08
-3.44E-08	-3.44E-08
-3.99E-08	-3.99E-08
-3.15E-08	-3.15E-08
-1.62E-08	-1.62E-08
-5.15E-10	-5.15E-10
9.02E-09	9.02E-09
1.12E-08	1.12E-08
9.23E-09	9.23E-09
7.48E-09	7.48E-09
6.02E-09	6.02E-09
4.53E-09	4.53E-09
3.18E-09	3.18E-09
1.84E-09	1.84E-09
5.81E-10	5.81E-10
-5.36E-10	-5.36E-10
-1.55E-09	-1.55E-09
-2.35E-09	-2.35E-09
-3.05E-09	-3.05E-09
-3.51E-09	-3.51E-09
-3.87E-09	-3.87E-09
-3.97E-09	-3.97E-09
-3.98E-09	-3.98E-09
-3.78E-09	-3.78E-09
-3.49E-09	-3.49E-09
-3.13E-09	-3.13E-09
-2.72E-09	-2.72E-09
-2.30E-09	-2.30E-09
-1.88E-09	-1.88E-09
-1.48E-09	-1.48E-09
-1.11E-09	-1.11E-09
-7.70E-10	-7.70E-10
-4.85E-10	-4.85E-10
-2.30E-10	-2.30E-10
-5.04E-11	-5.04E-11
9.38E-11	9.38E-11
1.69E-10	1.69E-10
2.08E-10	2.08E-10
2.18E-10	2.18E-10
2.03E-10	2.03E-10
1.77E-10	1.77E-10
1.45E-10	1.45E-10
1.13E-10	1.13E-10
8.50E-11	8.50E-11
6.10E-11	6.10E-11
4.33E-11	4.33E-11
2.90E-11	2.90E-11
1.93E-11	1.93E-11
1.37E-11	1.37E-11
1.84E-10	1.84E-10
2.07E-10	2.07E-10
1.85E-10	1.85E-10
1.54E-10	1.54E-10
8.90E-11	8.90E-11
-3.49E-11	-3.49E-11
-1.94E-10	-1.94E-10
-4.18E-10	-4.18E-10
-6.73E-10	-6.73E-10
-9.77E-10	-9.77E-10
-1.30E-09	-1.30E-09
-1.66E-09	-1.66E-09
-2.03E-09	-2.03E-09
-2.41E-09	-2.41E-09
-2.77E-09	-2.77E-09
-3.11E-09	-3.11E-09
-3.36E-09	-3.36E-09
-3.55E-09	-3.55E-09
-3.58E-09	-3.58E-09
-3.50E-09	-3.50E-09
-3.22E-09	-3.22E-09
-2.83E-09	-2.83E-09
-2.23E-09	-2.23E-09
-1.53E-09	-1.53E-09
-6.45E-10	-6.45E-10
3.38E-10	3.38E-10
1.45E-09	1.45E-09
2.64E-09	2.64E-09
3.89E-09	3.89E-09
5.16E-09	5.16E-09
6.43E-09	6.43E-09
7.61E-09	7.61E-09
8.75E-09	8.75E-09
9.71E-09	9.71E-09
1.06E-08	1.06E-08
1.13E-08	1.13E-08
1.25E-08	1.25E-08
1.18E-08	1.18E-08
3.49E-09	3.49E-09
-1.17E-08	-1.17E-08
-2.67E-08	-2.67E-08
-3.44E-08	-3.44E-08
-2.40E-08	-2.40E-08
4.43E-09	4.43E-09
5.21E-08	5.21E-08
1.03E-07	1.03E-07
1.48E-07	1.48E-07
1.76E-07	1.76E-07
1.86E-07	1.86E-07
1.76E-07	1.76E-07
1.48E-07	1.48E-07
1.03E-07	1.03E-07
5.05E-08	5.05E-08
5.47E-09	5.47E-09
-2.45E-08	-2.45E-08
-3.36E-08	-3.36E-08
-2.68E-08	-2.68E-08
-1.15E-08	-1.15E-08
3.57E-09	3.57E-09
1.17E-08	1.17E-08
1.25E-08	1.25E-08
1.14E-08	1.14E-08
1.06E-08	1.06E-08
9.77E-09	9.77E-09
8.74E-09	8.74E-09
7.60E-09	7.60E-09
6.42E-09	6.42E-09
5.15E-09	5.15E-09
3.89E-09	3.89E-09
2.64E-09	2.64E-09
1.44E-09	1.44E-09
3.46E-10	3.46E-10
-6.71E-10	-6.71E-10
-1.52E-09	-1.52E-09
-2.27E-09	-2.27E-09
-2.82E-09	-2.82E-09
-3.27E-09	-3.27E-09
-3.49E-09	-3.49E-09
-3.57E-09	-3.57E-09
-3.54E-09	-3.54E-09
-3.36E-09	-3.36E-09
-3.10E-09	-3.10E-09
-2.77E-09	-2.77E-09
-2.41E-09	-2.41E-09
-2.03E-09	-2.03E-09
-1.66E-09	-1.66E-09
-1.31E-09	-1.31E-09
-9.68E-10	-9.68E-10
-6.75E-10	-6.75E-10
-4.04E-10	-4.04E-10
-1.97E-10	-1.97E-10
-3.47E-11	-3.47E-11
8.79E-11	8.79E-11
1.56E-10	1.56E-10
1.93E-10	1.93E-10
1.95E-10	1.95E-10
1.82E-10	1.82E-10
1.56E-10	1.56E-10
1.27E-10	1.27E-10
9.89E-11	9.89E-11
6.93E-11	6.93E-11
-3.23E-11	-3.23E-11
-1.52E-10	-1.52E-10
-3.43E-10	-3.43E-10
-5.73E-10	-5.73E-10
-8.32E-10	-8.32E-10
-1.13E-09	-1.13E-09
-1.45E-09	-1.45E-09
-1.78E-09	-1.78E-09
-2.12E-09	-2.12E-09
-2.45E-09	-2.45E-09
-2.75E-09	-2.75E-09
-2.99E-09	-2.99E-09
-3.17E-09	-3.17E-09
-3.22E-09	-3.22E-09
-3.18E-09	-3.18E-09
-3.01E-09	-3.01E-09
-2.63E-09	-2.63E-09
-2.17E-09	-2.17E-09
-1.51E-09	-1.51E-09
-7.76E-10	-7.76E-10
1.18E-10	1.18E-10
1.11E-09	1.11E-09
2.18E-09	2.18E-09
3.29E-09	3.29E-09
4.45E-09	4.45E-09
5.56E-09	5.56E-09
6.69E-09	6.69E-09
7.66E-09	7.66E-09
8.53E-09	8.53E-09
9.31E-09	9.31E-09
9.85E-09	9.85E-09
1.02E-08	1.02E-08
1.05E-08	1.05E-08
1.03E-08	1.03E-08
1.01E-08	1.01E-08
9.83E-09	9.83E-09
9.38E-09	9.38E-09
4.04E-09	4.04E-09
-9.76E-09	-9.76E-09
-2.63E-08	-2.63E-08
-3.32E-08	-3.32E-08
-2.49E-08	-2.49E-08
6.01E-09	6.01E-09
5.56E-08	5.56E-08
1.12E-07	1.12E-07
1.62E-07	1.62E-07
1.96E-07	1.96E-07
2.12E-07	2.12E-07
2.17E-07	2.17E-07
2.12E-07	2.12E-07
1.95E-07	1.95E-07
1.62E-07	1.62E-07
1.13E-07	1.13E-07
5.57E-08	5.57E-08
5.10E-09	5.10E-09
-2.42E-08	-2.42E-08
-3.38E-08	-3.38E-08
-2.56E-08	-2.56E-08
-9.69E-09	-9.69E-09
3.89E-09	3.89E-09
9.33E-09	9.33E-09
9.91E-09	9.91E-09
1.00E-08	1.00E-08
1.04E-08	1.04E-08
1.04E-08	1.04E-08
1.02E-08	1.02E-08
9.87E-09	9.87E-09
9.34E-09	9.34E-09
8.55E-09	8.55E-09
7.63E-09	7.63E-09
6.64E-09	6.64E-09
5.53E-09	5.53E-09
4.41E-09	4.41E-09
3.26E-09	3.26E-09
2.14E-09	2.14E-09
1.09E-09	1.09E-09
9.26E-11	9.26E-11
-7.63E-10	-7.63E-10
-1.51E-09	-1.51E-09
-2.15E-09	-2.15E-09
-2.62E-09	-2.62E-09
-2.99E-09	-2.99E-09
-3.19E-09	-3.19E-09
-3.23E-09	-3.23E-09
-3.16E-09	-3.16E-09
-3.01E-09	-3.01E-09
-2.77E-09	-2.77E-09
-2.46E-09	-2.46E-09
-2.13E-09	-2.13E-09
-1.78E-09	-1.78E-09
-1.45E-09	-1.45E-09
-1.13E-09	-1.13E-09
-8.33E-10	-8.33E-10
-5.71E-10	-5.71E-10
-3.36E-10	-3.36E-10
-1.52E-10	-1.52E-10
-1.70E-12	-1.70E-12
9.22E-11	9.22E-11
1.54E-10	1.54E-10
1.63E-10	1.63E-10
1.67E-10	1.67E-10
-9.41E-10	-9.41E-10
-1.24E-09	-1.24E-09
-1.54E-09	-1.54E-09
-1.85E-09	-1.85E-09
-2.16E-09	-2.16E-09
-2.43E-09	-2.43E-09
-2.67E-09	-2.67E-09
-2.83E-09	-2.83E-09
-2.93E-09	-2.93E-09
-2.88E-09	-2.88E-09
-2.75E-09	-2.75E-09
-2.46E-09	-2.46E-09
-2.06E-09	-2.06E-09
-1.55E-09	-1.55E-09
-8.63E-10	-8.63E-10
-1.15E-10	-1.15E-10
7.66E-10	7.66E-10
1.70E-09	1.70E-09
2.70E-09	2.70E-09
3.73E-09	3.73E-09
4.74E-09	4.74E-09
5.75E-09	5.75E-09
6.65E-09	6.65E-09
7.51E-09	7.51E-09
8.18E-09	8.18E-09
8.75E-09	8.75E-09
9.17E-09	9.17E-09
9.29E-09	9.29E-09
9.28E-09	9.28E-09
8.95E-09	8.95E-09
8.48E-09	8.48E-09
7.69E-09	7.69E-09
6.77E-09	6.77E-09
5.60E-09	5.60E-09
4.34E-09	4.34E-09
3.63E-09	3.63E-09
5.56E-10	5.56E-10
-9.27E-09	-9.27E-09
-2.51E-08	-2.51E-08
-3.61E-08	-3.61E-08
-2.97E-08	-2.97E-08
-4.07E-09	-4.07E-09
4.30E-08	4.30E-08
9.74E-08	9.74E-08
1.43E-07	1.43E-07
1.69E-07	1.69E-07
1.72E-07	1.72E-07
1.67E-07	1.67E-07
1.63E-07	1.63E-07
1.67E-07	1.67E-07
1.74E-07	1.74E-07
1.68E-07	1.68E-07
1.43E-07	1.43E-07
9.72E-08	9.72E-08
4.29E-08	4.29E-08
-3.26E-09	-3.26E-09
-2.98E-08	-2.98E-08
-3.55E-08	-3.55E-08
-2.51E-08	-2.51E-08
-9.45E-09	-9.45E-09
5.88E-10	5.88E-10
3.57E-09	3.57E-09
4.33E-09	4.33E-09
5.60E-09	5.60E-09
6.75E-09	6.75E-09
7.68E-09	7.68E-09
8.46E-09	8.46E-09
8.93E-09	8.93E-09
9.26E-09	9.26E-09
9.27E-09	9.27E-09
9.15E-09	9.15E-09
8.74E-09	8.74E-09
8.23E-09	8.23E-09
7.49E-09	7.49E-09
6.69E-09	6.69E-09
5.74E-09	5.74E-09
4.74E-09	4.74E-09
3.73E-09	3.73E-09
2.70E-09	2.70E-09
1.70E-09	1.70E-09
7.69E-10	7.69E-10
-1.05E-10	-1.05E-10
-8.57E-10	-8.57E-10
-1.54E-09	-1.54E-09
-2.05E-09	-2.05E-09
-2.49E-09	-2.49E-09
-2.74E-09	-2.74E-09
-2.92E-09	-2.92E-09
-2.92E-09	-2.92E-09
-2.83E-09	-2.83E-09
-2.67E-09	-2.67E-09
-2.43E-09	-2.43E-09
-2.15E-09	-2.15E-09
-1.85E-09	-1.85E-09
-1.54E-09	-1.54E-09
-1.25E-09	-1.25E-09
-9.57E-10	-9.57E-10
-6.97E-10	-6.97E-10
-4.53E-10	-4.53E-10
-2.52E-10	-2.52E-10
-6.65E-11	-6.65E-11
-2.10E-09	-2.10E-09
-2.32E-09	-2.32E-09
-2.52E-09	-2.52E-09
-2.61E-09	-2.61E-09
-2.64E-09	-2.64E-09
-2.52E-09	-2.52E-09
-2.31E-09	-2.31E-09
-1.96E-09	-1.96E-09
-1.52E-09	-1.52E-09
-9.43E-10	-9.43E-10
-2.90E-10	-2.90E-10
4.70E-10	4.70E-10
1.30E-09	1.30E-09
2.18E-09	2.18E-09
3.10E-09	3.10E-09
4.03E-09	4.03E-09
4.92E-09	4.92E-09
5.78E-09	5.78E-09
6.53E-09	6.53E-09
7.22E-09	7.22E-09
7.71E-09	7.71E-09
8.11E-09	8.11E-09
8.27E-09	8.27E-09
8.30E-09	8.30E-09
8.06E-09	8.06E-09
7.67E-09	7.67E-09
7.08E-09	7.08E-09
6.20E-09	6.20E-09
5.20E-09	5.20E-09
3.98E-09	3.98E-09
2.65E-09	2.65E-09
1.17E-09	1.17E-09
-3.81E-10	-3.81E-10
-1.95E-09	-1.95E-09
-3.29E-09	-3.29E-09
-4.14E-09	-4.14E-09
-9.95E-09	-9.95E-09
-2.27E-08	-2.27E-08
-3.52E-08	-3.52E-08
-3.57E-08	-3.57E-08
-1.41E-08	-1.41E-08
2.51E-08	2.51E-08
7.41E-08	7.41E-08
1.15E-07	1.15E-07
1.30E-07	1.30E-07
1.17E-07	1.17E-07
8.38E-08	8.38E-08
5.53E-08	5.53E-08
4.25E-08	4.25E-08
5.51E-08	5.51E-08
8.61E-08	8.61E-08
1.16E-07	1.16E-07
1.30E-07	1.30E-07
1.15E-07	1.15E-07
7.43E-08	7.43E-08
2.54E-08	2.54E-08
-1.44E-08	-1.44E-08
-3.51E-08	-3.51E-08
-3.54E-08	-3.54E-08
-2.26E-08	-2.26E-08
-9.84E-09	-9.84E-09
-4.38E-09	-4.38E-09
-3.30E-09	-3.30E-09
-1.96E-09	-1.96E-09
-3.79E-10	-3.79E-10
1.18E-09	1.18E-09
2.64E-09	2.64E-09
3.97E-09	3.97E-09
5.19E-09	5.19E-09
6.19E-09	6.19E-09
7.06E-09	7.06E-09
7.65E-09	7.65E-09
8.12E-09	8.12E-09
8.28E-09	8.28E-09
8.33E-09	8.33E-09
8.10E-09	8.10E-09
7.71E-09	7.71E-09
7.20E-09	7.20E-09
6.52E-09	6.52E-09
5.77E-09	5.77E-09
4.91E-09	4.91E-09
4.02E-09	4.02E-09
3.09E-09	3.09E-09
2.18E-09	2.18E-09
1.30E-09	1.30E-09
4.58E-10	4.58E-10
-2.85E-10	-2.85E-10
-9.70E-10	-9.70E-10
-1.51E-09	-1.51E-09
-1.96E-09	-1.96E-09
-2.31E-09	-2.31E-09
-2.51E-09	-2.51E-09
-2.63E-09	-2.63E-09
-2.62E-09	-2.62E-09
-2.53E-09	-2.53E-09
-2.35E-09	-2.35E-09
-2.14E-09	-2.14E-09
-1.87E-09	-1.87E-09
-1.60E-09	-1.60E-09
-1.32E-09	-1.32E-09
-1.05E-09	-1.05E-09
-2.33E-09	-2.33E-09
-2.16E-09	-2.16E-09
-1.85E-09	-1.85E-09
-1.48E-09	-1.48E-09
-1.03E-09	-1.03E-09
-4.50E-10	-4.50E-10
1.92E-10	1.92E-10
9.22E-10	9.22E-10
1.70E-09	1.70E-09
2.51E-09	2.51E-09
3.35E-09	3.35E-09
4.15E-09	4.15E-09
4.94E-09	4.94E-09
5.63E-09	5.63E-09
6.27E-09	6.27E-09
6.81E-09	6.81E-09
7.15E-09	7.15E-09
7.41E-09	7.41E-09
7.42E-09	7.42E-09
7.31E-09	7.31E-09
6.96E-09	6.96E-09
6.47E-09	6.47E-09
5.75E-09	5.75E-09
4.89E-09	4.89E-09
3.83E-09	3.83E-09
2.66E-09	2.66E-09
1.37E-09	1.37E-09
-1.65E-11	-1.65E-11
-1.46E-09	-1.46E-09
-2.91E-09	-2.91E-09
-4.37E-09	-4.37E-09
-5.72E-09	-5.72E-09
-7.04E-09	-7.04E-09
-8.17E-09	-8.17E-09
-8.68E-09	-8.68E-09
-9.67E-09	-9.67E-09
-1.75E-08	-1.75E-08
-3.04E-08	-3.04E-08
-3.53E-08	-3.53E-08
-2.34E-08	-2.34E-08
9.87E-09	9.87E-09
5.26E-08	5.26E-08
8.88E-08	8.88E-08
1.02E-07	1.02E-07
7.78E-08	7.78E-08
2.82E-08	2.82E-08
-3.11E-08	-3.11E-08
-7.37E-08	-7.37E-08
-9.05E-08	-9.05E-08
-7.39E-08	-7.39E-08
-2.97E-08	-2.97E-08
2.75E-08	2.75E-08
7.83E-08	7.83E-08
1.01E-07	1.01E-07
8.96E-08	8.96E-08
5.24E-08	5.24E-08
9.55E-09	9.55E-09
-2.24E-08	-2.24E-08
-3.56E-08	-3.56E-08
-3.00E-08	-3.00E-08
-1.74E-08	-1.74E-08
-1.00E-08	-1.00E-08
-8.67E-09	-8.67E-09
-8.22E-09	-8.22E-09
-7.02E-09	-7.02E-09
-5.71E-09	-5.71E-09
-4.36E-09	-4.36E-09
-2.90E-09	-2.90E-09
-1.46E-09	-1.46E-09
-1.32E-11	-1.32E-11
1.37E-09	1.37E-09
2.66E-09	2.66E-09
3.86E-09	3.86E-09
4.88E-09	4.88E-09
5.79E-09	5.79E-09
6.45E-09	6.45E-09
7.01E-09	7.01E-09
7.29E-09	7.29E-09
7.41E-09	7.41E-09
7.39E-09	7.39E-09
7.14E-09	7.14E-09
6.80E-09	6.80E-09
6.26E-09	6.26E-09
5.66E-09	5.66E-09
4.93E-09	4.93E-09
4.17E-09	4.17E-09
3.34E-09	3.34E-09
2.52E-09	2.52E-09
1.70E-09	1.70E-09
9.11E-10	9.11E-10
1.95E-10	1.95E-10
-4.52E-10	-4.52E-10
-1.03E-09	-1.03E-09
-1.49E-09	-1.49E-09
-1.88E-09	-1.88E-09
-2.13E-09	-2.13E-09
-2.31E-09	-2.31E-09
-2.36E-09	-2.36E-09
-2.31E-09	-2.31E-09
-2.22E-09	-2.22E-09
-2.12E-09	-2.12E-09
-5.69E-10	-5.69E-10
-3.47E-11	-3.47E-11
5.81E-10	5.81E-10
1.26E-09	1.26E-09
1.98E-09	1.98E-09
2.71E-09	2.71E-09
3.45E-09	3.45E-09
4.15E-09	4.15E-09
4.82E-09	4.82E-09
5.39E-09	5.39E-09
5.90E-09	5.90E-09
6.25E-09	6.25E-09
6.52E-09	6.52E-09
6.59E-09	6.59E-09
6.54E-09	6.54E-09
6.35E-09	6.35E-09
5.90E-09	5.90E-09
5.31E-09	5.31E-09
4.60E-09	4.60E-09
3.74E-09	3.74E-09
2.71E-09	2.71E-09
1.59E-09	1.59E-09
3.33E-10	3.33E-10
-9.23E-10	-9.23E-10
-2.19E-09	-2.19E-09
-3.50E-09	-3.50E-09
-4.73E-09	-4.73E-09
-5.94E-09	-5.94E-09
-7.06E-09	-7.06E-09
-7.97E-09	-7.97E-09
-8.81E-09	-8.81E-09
-9.37E-09	-9.37E-09
-9.80E-09	-9.80E-09
-9.90E-09	-9.90E-09
-9.32E-09	-9.32E-09
-1.08E-08	-1.08E-08
-1.98E-08	-1.98E-08
-3.01E-08	-3.01E-08
-2.52E-08	-2.52E-08
-2.44E-09	-2.44E-09
3.44E-08	3.44E-08
6.96E-08	6.96E-08
8.27E-08	8.27E-08
6.41E-08	6.41E-08
9.18E-09	9.18E-09
-6.00E-08	-6.00E-08
-1.23E-07	-1.23E-07
-1.63E-07	-1.63E-07
-1.77E-07	-1.77E-07
-1.63E-07	-1.63E-07
-1.23E-07	-1.23E-07
-6.04E-08	-6.04E-08
9.25E-09	9.25E-09
6.28E-08	6.28E-08
8.39E-08	8.39E-08
6.87E-08	6.87E-08
3.43E-08	3.43E-08
-1.72E-09	-1.72E-09
-2.56E-08	-2.56E-08
-2.92E-08	-2.92E-08
-1.97E-08	-1.97E-08
-1.12E-08	-1.12E-08
-9.28E-09	-9.28E-09
-9.94E-09	-9.94E-09
-9.77E-09	-9.77E-09
-9.37E-09	-9.37E-09
-8.78E-09	-8.78E-09
-7.96E-09	-7.96E-09
-7.04E-09	-7.04E-09
-5.92E-09	-5.92E-09
-4.77E-09	-4.77E-09
-3.49E-09	-3.49E-09
-2.21E-09	-2.21E-09
-8.98E-10	-8.98E-10
3.74E-10	3.74E-10
1.58E-09	1.58E-09
2.73E-09	2.73E-09
3.72E-09	3.72E-09
4.60E-09	4.60E-09
5.34E-09	5.34E-09
5.90E-09	5.90E-09
6.32E-09	6.32E-09
6.55E-09	6.55E-09
6.59E-09	6.59E-09
6.50E-09	6.50E-09
6.29E-09	6.29E-09
5.90E-09	5.90E-09
5.39E-09	5.39E-09
4.82E-09	4.82E-09
4.14E-09	4.14E-09
3.45E-09	3.45E-09
2.71E-09	2.71E-09
1.98E-09	1.98E-09
1.26E-09	1.26E-09
5.76E-10	5.76E-10
-4.43E-11	-4.43E-11
-6.06E-10	-6.06E-10
-1.07E-09	-1.07E-09
-1.46E-09	-1.46E-09
-1.72E-09	-1.72E-09
-1.92E-09	-1.92E-09
2.07E-09	2.07E-09
2.77E-09	2.77E-09
3.43E-09	3.43E-09
4.01E-09	4.01E-09
4.58E-09	4.58E-09
5.03E-09	5.03E-09
5.42E-09	5.42E-09
5.66E-09	5.66E-09
5.83E-09	5.83E-09
5.80E-09	5.80E-09
5.67E-09	5.67E-09
5.36E-09	5.36E-09
4.93E-09	4.93E-09
4.36E-09	4.36E-09
3.60E-09	3.60E-09
2.76E-09	2.76E-09
1.78E-09	1.78E-09
7.36E-10	7.36E-10
-3.73E-10	-3.73E-10
-1.53E-09	-1.53E-09
-2.66E-09	-2.66E-09
-3.81E-09	-3.81E-09
-4.86E-09	-4.86E-09
-5.88E-09	-5.88E-09
-6.73E-09	-6.73E-09
-7.51E-09	-7.51E-09
-8.15E-09	-8.15E-09
-8.53E-09	-8.53E-09
-8.81E-09	-8.81E-09
-8.80E-09	-8.80E-09
-8.68E-09	-8.68E-09
-8.30E-09	-8.30E-09
-7.76E-09	-7.76E-09
-6.83E-09	-6.83E-09
-5.69E-09	-5.69E-09
-8.21E-09	-8.21E-09
-1.74E-08	-1.74E-08
-2.35E-08	-2.35E-08
-9.39E-09	-9.39E-09
1.94E-08	1.94E-08
5.14E-08	5.14E-08
7.06E-08	7.06E-08
5.95E-08	5.95E-08
1.62E-08	1.62E-08
-5.01E-08	-5.01E-08
-1.14E-07	-1.14E-07
-1.59E-07	-1.59E-07
-1.79E-07	-1.79E-07
-1.85E-07	-1.85E-07
-1.79E-07	-1.79E-07
-1.60E-07	-1.60E-07
-1.14E-07	-1.14E-07
-5.04E-08	-5.04E-08
1.56E-08	1.56E-08
6.03E-08	6.03E-08
6.97E-08	6.97E-08
5.14E-08	5.14E-08
1.96E-08	1.96E-08
-9.64E-09	-9.64E-09
-2.21E-08	-2.21E-08
-1.74E-08	-1.74E-08
-8.67E-09	-8.67E-09
-5.65E-09	-5.65E-09
-6.82E-09	-6.82E-09
-7.74E-09	-7.74E-09
-8.30E-09	-8.30E-09
-8.66E-09	-8.66E-09
-8.78E-09	-8.78E-09
-8.78E-09	-8.78E-09
-8.51E-09	-8.51E-09
-8.13E-09	-8.13E-09
-7.49E-09	-7.49E-09
-6.78E-09	-6.78E-09
-5.86E-09	-5.86E-09
-4.90E-09	-4.90E-09
-3.80E-09	-3.80E-09
-2.65E-09	-2.65E-09
-1.52E-09	-1.52E-09
-3.69E-10	-3.69E-10
7.34E-10	7.34E-10
1.78E-09	1.78E-09
2.75E-09	2.75E-09
3.59E-09	3.59E-09
4.34E-09	4.34E-09
4.92E-09	4.92E-09
5.39E-09	5.39E-09
5.66E-09	5.66E-09
5.85E-09	5.85E-09
5.81E-09	5.81E-09
5.66E-09	5.66E-09
5.42E-09	5.42E-09
5.02E-09	5.02E-09
4.57E-09	4.57E-09
4.00E-09	4.00E-09
3.42E-09	3.42E-09
2.77E-09	2.77E-09
2.13E-09	2.13E-09
1.47E-09	1.47E-09
8.50E-10	8.50E-10
2.64E-10	2.64E-10
-3.19E-10	-3.19E-10
4.11E-09	4.11E-09
4.48E-09	4.48E-09
4.83E-09	4.83E-09
5.00E-09	5.00E-09
5.09E-09	5.09E-09
5.00E-09	5.00E-09
4.83E-09	4.83E-09
4.48E-09	4.48E-09
4.03E-09	4.03E-09
3.44E-09	3.44E-09
2.74E-09	2.74E-09
1.95E-09	1.95E-09
1.06E-09	1.06E-09
1.21E-10	1.21E-10
-8.79E-10	-8.79E-10
-1.90E-09	-1.90E-09
-2.88E-09	-2.88E-09
-3.86E-09	-3.86E-09
-4.74E-09	-4.74E-09
-5.58E-09	-5.58E-09
-6.25E-09	-6.25E-09
-6.86E-09	-6.86E-09
-7.26E-09	-7.26E-09
-7.56E-09	-7.56E-09
-7.64E-09	-7.64E-09
-7.59E-09	-7.59E-09
-7.38E-09	-7.38E-09
-6.93E-09	-6.93E-09
-6.39E-09	-6.39E-09
-5.65E-09	-5.65E-09
-4.81E-09	-4.81E-09
-3.86E-09	-3.86E-09
-2.81E-09	-2.81E-09
-1.35E-09	-1.35E-09
-6.38E-10	-6.38E-10
-4.86E-09	-4.86E-09
-1.33E-08	-1.33E-08
-1.42E-08	-1.42E-08
6.10E-09	6.10E-09
3.49E-08	3.49E-08
5.60E-08	5.60E-08
5.71E-08	5.71E-08
2.82E-08	2.82E-08
-2.46E-08	-2.46E-08
-8.21E-08	-8.21E-08
-1.21E-07	-1.21E-07
-1.33E-07	-1.33E-07
-1.28E-07	-1.28E-07
-1.23E-07	-1.23E-07
-1.28E-07	-1.28E-07
-1.34E-07	-1.34E-07
-1.21E-07	-1.21E-07
-8.28E-08	-8.28E-08
-2.46E-08	-2.46E-08
2.90E-08	2.90E-08
5.64E-08	5.64E-08
5.64E-08	5.64E-08
3.47E-08	3.47E-08
5.90E-09	5.90E-09
-1.26E-08	-1.26E-08
-1.35E-08	-1.35E-08
-5.14E-09	-5.14E-09
-5.49E-10	-5.49E-10
-1.52E-09	-1.52E-09
-2.80E-09	-2.80E-09
-3.85E-09	-3.85E-09
-4.81E-09	-4.81E-09
-5.65E-09	-5.65E-09
-6.38E-09	-6.38E-09
-6.93E-09	-6.93E-09
-7.37E-09	-7.37E-09
-7.58E-09	-7.58E-09
-7.69E-09	-7.69E-09
-7.55E-09	-7.55E-09
-7.32E-09	-7.32E-09
-6.85E-09	-6.85E-09
-6.25E-09	-6.25E-09
-5.57E-09	-5.57E-09
-4.73E-09	-4.73E-09
-3.85E-09	-3.85E-09
-2.87E-09	-2.87E-09
-1.89E-09	-1.89E-09
-8.73E-10	-8.73E-10
1.09E-10	1.09E-10
1.06E-09	1.06E-09
1.95E-09	1.95E-09
2.74E-09	2.74E-09
3.46E-09	3.46E-09
4.03E-09	4.03E-09
4.48E-09	4.48E-09
4.82E-09	4.82E-09
5.00E-09	5.00E-09
5.08E-09	5.08E-09
5.01E-09	5.01E-09
4.85E-09	4.85E-09
4.55E-09	4.55E-09
4.20E-09	4.20E-09
3.73E-09	3.73E-09
3.24E-09	3.24E-09
2.69E-09	2.69E-09
2.08E-09	2.08E-09
4.45E-09	4.45E-09
4.32E-09	4.32E-09
4.05E-09	4.05E-09
3.70E-09	3.70E-09
3.27E-09	3.27E-09
2.71E-09	2.71E-09
2.07E-09	2.07E-09
1.35E-09	1.35E-09
5.51E-10	5.51E-10
-2.78E-10	-2.78E-10
-1.15E-09	-1.15E-09
-2.00E-09	-2.00E-09
-2.87E-09	-2.87E-09
-3.66E-09	-3.66E-09
-4.42E-09	-4.42E-09
-5.11E-09	-5.11E-09
-5.64E-09	-5.64E-09
-6.11E-09	-6.11E-09
-6.37E-09	-6.37E-09
-6.56E-09	-6.56E-09
-6.54E-09	-6.54E-09
-6.42E-09	-6.42E-09
-6.11E-09	-6.11E-09
-5.69E-09	-5.69E-09
-5.12E-09	-5.12E-09
-4.44E-09	-4.44E-09
-3.67E-09	-3.67E-09
-2.80E-09	-2.80E-09
-1.88E-09	-1.88E-09
-9.37E-10	-9.37E-10
3.75E-11	3.75E-11
9.80E-10	9.80E-10
1.94E-09	1.94E-09
3.28E-09	3.28E-09
2.72E-09	2.72E-09
-3.26E-09	-3.26E-09
-1.00E-08	-1.00E-08
-5.86E-09	-5.86E-09
1.68E-08	1.68E-08
4.09E-08	4.09E-08
4.92E-08	4.92E-08
3.58E-08	3.58E-08
-6.18E-10	-6.18E-10
-4.83E-08	-4.83E-08
-8.41E-08	-8.41E-08
-9.20E-08	-9.20E-08
-7.24E-08	-7.24E-08
-4.73E-08	-4.73E-08
-3.52E-08	-3.52E-08
-4.71E-08	-4.71E-08
-7.38E-08	-7.38E-08
-9.15E-08	-9.15E-08
-8.55E-08	-8.55E-08
-4.78E-08	-4.78E-08
3.21E-11	3.21E-11
3.52E-08	3.52E-08
4.99E-08	4.99E-08
4.03E-08	4.03E-08
1.68E-08	1.68E-08
-4.44E-09	-4.44E-09
-1.05E-08	-1.05E-08
-3.32E-09	-3.32E-09
2.89E-09	2.89E-09
3.27E-09	3.27E-09
1.93E-09	1.93E-09
9.81E-10	9.81E-10
3.11E-11	3.11E-11
-9.53E-10	-9.53E-10
-1.88E-09	-1.88E-09
-2.81E-09	-2.81E-09
-3.66E-09	-3.66E-09
-4.44E-09	-4.44E-09
-5.13E-09	-5.13E-09
-5.69E-09	-5.69E-09
-6.14E-09	-6.14E-09
-6.41E-09	-6.41E-09
-6.58E-09	-6.58E-09
-6.54E-09	-6.54E-09
-6.36E-09	-6.36E-09
-6.09E-09	-6.09E-09
-5.63E-09	-5.63E-09
-5.10E-09	-5.10E-09
-4.41E-09	-4.41E-09
-3.69E-09	-3.69E-09
-2.86E-09	-2.86E-09
-2.03E-09	-2.03E-09
-1.15E-09	-1.15E-09
-2.93E-10	-2.93E-10
5.52E-10	5.52E-10
1.35E-09	1.35E-09
2.07E-09	2.07E-09
2.71E-09	2.71E-09
3.26E-09	3.26E-09
3.70E-09	3.70E-09
4.04E-09	4.04E-09
4.24E-09	4.24E-09
4.36E-09	4.36E-09
4.33E-09	4.33E-09
4.18E-09	4.18E-09
3.98E-09	3.98E-09
3.74E-09	3.74E-09
2.61E-09	2.61E-09
2.14E-09	2.14E-09
1.60E-09	1.60E-09
9.49E-10	9.49E-10
2.54E-10	2.54E-10
-4.60E-10	-4.60E-10
-1.21E-09	-1.21E-09
-1.93E-09	-1.93E-09
-2.67E-09	-2.67E-09
-3.32E-09	-3.32E-09
-3.95E-09	-3.95E-09
-4.46E-09	-4.46E-09
-4.92E-09	-4.92E-09
-5.23E-09	-5.23E-09
-5.45E-09	-5.45E-09
-5.57E-09	-5.57E-09
-5.49E-09	-5.49E-09
-5.29E-09	-5.29E-09
-5.02E-09	-5.02E-09
-4.61E-09	-4.61E-09
-4.07E-09	-4.07E-09
-3.43E-09	-3.43E-09
-2.72E-09	-2.72E-09
-1.98E-09	-1.98E-09
-1.21E-09	-1.21E-09
-3.83E-10	-3.83E-10
4.05E-10	4.05E-10
1.20E-09	1.20E-09
1.97E-09	1.97E-09
2.61E-09	2.61E-09
3.23E-09	3.23E-09
3.72E-09	3.72E-09
4.23E-09	4.23E-09
5.03E-09	5.03E-09
2.93E-09	2.93E-09
-4.27E-09	-4.27E-09
-8.67E-09	-8.67E-09
-3.34E-10	-3.34E-10
2.15E-08	2.15E-08
3.90E-08	3.90E-08
3.56E-08	3.56E-08
1.42E-08	1.42E-08
-1.97E-08	-1.97E-08
-5.36E-08	-5.36E-08
-6.64E-08	-6.64E-08
-4.98E-08	-4.98E-08
-1.38E-08	-1.38E-08
1.80E-08	1.80E-08
3.11E-08	3.11E-08
1.81E-08	1.81E-08
-1.46E-08	-1.46E-08
-4.95E-08	-4.95E-08
-6.80E-08	-6.80E-08
-5.30E-08	-5.30E-08
-1.95E-08	-1.95E-08
1.41E-08	1.41E-08
3.64E-08	3.64E-08
3.75E-08	3.75E-08
2.18E-08	2.18E-08
7.05E-10	7.05E-10
-9.32E-09	-9.32E-09
-4.06E-09	-4.06E-09
3.17E-09	3.17E-09
4.93E-09	4.93E-09
4.19E-09	4.19E-09
3.71E-09	3.71E-09
3.22E-09	3.22E-09
2.59E-09	2.59E-09
1.95E-09	1.95E-09
1.19E-09	1.19E-09
4.34E-10	4.34E-10
-3.92E-10	-3.92E-10
-1.19E-09	-1.19E-09
-2.00E-09	-2.00E-09
-2.75E-09	-2.75E-09
-3.45E-09	-3.45E-09
-4.08E-09	-4.08E-09
-4.60E-09	-4.60E-09
-5.02E-09	-5.02E-09
-5.32E-09	-5.32E-09
-5.49E-09	-5.49E-09
-5.55E-09	-5.55E-09
-5.44E-09	-5.44E-09
-5.21E-09	-5.21E-09
-4.91E-09	-4.91E-09
-4.49E-09	-4.49E-09
-3.94E-09	-3.94E-09
-3.31E-09	-3.31E-09
-2.66E-09	-2.66E-09
-1.93E-09	-1.93E-09
-1.21E-09	-1.21E-09
-4.56E-10	-4.56E-10
2.55E-10	2.55E-10
9.50E-10	9.50E-10
1.58E-09	1.58E-09
2.15E-09	2.15E-09
2.64E-09	2.64E-09
3.04E-09	3.04E-09
3.33E-09	3.33E-09
3.54E-09	3.54E-09
3.61E-09	3.61E-09
2.24E-10	2.24E-10
-4.54E-10	-4.54E-10
-1.09E-09	-1.09E-09
-1.69E-09	-1.69E-09
-2.30E-09	-2.30E-09
-2.84E-09	-2.84E-09
-3.36E-09	-3.36E-09
-3.77E-09	-3.77E-09
-4.14E-09	-4.14E-09
-4.38E-09	-4.38E-09
-4.55E-09	-4.55E-09
-4.58E-09	-4.58E-09
-4.53E-09	-4.53E-09
-4.37E-09	-4.37E-09
-4.07E-09	-4.07E-09
-3.70E-09	-3.70E-09
-3.23E-09	-3.23E-09
-2.69E-09	-2.69E-09
-2.09E-09	-2.09E-09
-1.43E-09	-1.43E-09
-7.76E-10	-7.76E-10
-7.93E-11	-7.93E-11
5.69E-10	5.69E-10
1.23E-09	1.23E-09
1.80E-09	1.80E-09
2.35E-09	2.35E-09
2.83E-09	2.83E-09
3.17E-09	3.17E-09
3.48E-09	3.48E-09
3.62E-09	3.62E-09
3.73E-09	3.73E-09
3.71E-09	3.71E-09
3.77E-09	3.77E-09
4.13E-09	4.13E-09
7.49E-10	7.49E-10
-7.02E-09	-7.02E-09
-8.59E-09	-8.59E-09
2.83E-09	2.83E-09
2.18E-08	2.18E-08
3.07E-08	3.07E-08
2.14E-08	2.14E-08
-1.35E-09	-1.35E-09
-2.72E-08	-2.72E-08
-4.62E-08	-4.62E-08
-4.37E-08	-4.37E-08
-1.64E-08	-1.64E-08
1.86E-08	1.86E-08
4.30E-08	4.30E-08
5.18E-08	5.18E-08
4.30E-08	4.30E-08
1.86E-08	1.86E-08
-1.65E-08	-1.65E-08
-4.46E-08	-4.46E-08
-4.58E-08	-4.58E-08
-2.73E-08	-2.73E-08
-1.16E-09	-1.16E-09
2.18E-08	2.18E-08
3.02E-08	3.02E-08
2.21E-08	2.21E-08
3.39E-09	3.39E-09
-9.03E-09	-9.03E-09
-6.35E-09	-6.35E-09
9.09E-10	9.09E-10
4.48E-09	4.48E-09
3.74E-09	3.74E-09
3.70E-09	3.70E-09
3.72E-09	3.72E-09
3.62E-09	3.62E-09
3.46E-09	3.46E-09
3.17E-09	3.17E-09
2.82E-09	2.82E-09
2.34E-09	2.34E-09
1.84E-09	1.84E-09
1.22E-09	1.22E-09
6.00E-10	6.00E-10
-8.79E-11	-8.79E-11
-7.83E-10	-7.83E-10
-1.44E-09	-1.44E-09
-2.10E-09	-2.10E-09
-2.69E-09	-2.69E-09
-3.23E-09	-3.23E-09
-3.70E-09	-3.70E-09
-4.07E-09	-4.07E-09
-4.36E-09	-4.36E-09
-4.52E-09	-4.52E-09
-4.60E-09	-4.60E-09
-4.54E-09	-4.54E-09
-4.41E-09	-4.41E-09
-4.13E-09	-4.13E-09
-3.77E-09	-3.77E-09
-3.35E-09	-3.35E-09
-2.84E-09	-2.84E-09
-2.30E-09	-2.30E-09
-1.69E-09	-1.69E-09
-1.09E-09	-1.09E-09
-4.55E-10	-4.55E-10
1.44E-10	1.44E-10
7.31E-10	7.31E-10
1.26E-09	1.26E-09
1.75E-09	1.75E-09
2.27E-09	2.27E-09
-1.78E-09	-1.78E-09
-2.21E-09	-2.21E-09
-2.68E-09	-2.68E-09
-3.04E-09	-3.04E-09
-3.35E-09	-3.35E-09
-3.55E-09	-3.55E-09
-3.69E-09	-3.69E-09
-3.72E-09	-3.72E-09
-3.67E-09	-3.67E-09
-3.52E-09	-3.52E-09
-3.29E-09	-3.29E-09
-2.98E-09	-2.98E-09
-2.59E-09	-2.59E-09
-2.15E-09	-2.15E-09
-1.65E-09	-1.65E-09
-1.11E-09	-1.11E-09
-5.66E-10	-5.66E-10
3.58E-12	3.58E-12
5.29E-10	5.29E-10
1.06E-09	1.06E-09
1.52E-09	1.52E-09
1.96E-09	1.96E-09
2.29E-09	2.29E-09
2.59E-09	2.59E-09
2.78E-09	2.78E-09
2.91E-09	2.91E-09
2.95E-09	2.95E-09
2.89E-09	2.89E-09
2.77E-09	2.77E-09
2.57E-09	2.57E-09
2.33E-09	2.33E-09
2.04E-09	2.04E-09
1.91E-09	1.91E-09
2.01E-09	2.01E-09
-1.98E-09	-1.98E-09
-9.31E-09	-9.31E-09
-8.09E-09	-8.09E-09
4.99E-09	4.99E-09
1.99E-08	1.99E-08
2.25E-08	2.25E-08
1.05E-08	1.05E-08
-8.83E-09	-8.83E-09
-2.59E-08	-2.59E-08
-3.42E-08	-3.42E-08
-2.57E-08	-2.57E-08
-3.53E-10	-3.53E-10
2.33E-08	2.33E-08
3.36E-08	3.36E-08
3.56E-08	3.56E-08
3.36E-08	3.36E-08
2.34E-08	2.34E-08
-4.77E-10	-4.77E-10
-2.64E-08	-2.64E-08
-3.43E-08	-3.43E-08
-2.64E-08	-2.64E-08
-8.49E-09	-8.49E-09
1.09E-08	1.09E-08
2.22E-08	2.22E-08
2.04E-08	2.04E-08
4.89E-09	4.89E-09
-8.65E-09	-8.65E-09
-8.26E-09	-8.26E-09
-1.80E-09	-1.80E-09
1.54E-09	1.54E-09
1.88E-09	1.88E-09
2.02E-09	2.02E-09
2.32E-09	2.32E-09
2.58E-09	2.58E-09
2.77E-09	2.77E-09
2.89E-09	2.89E-09
2.95E-09	2.95E-09
2.90E-09	2.90E-09
2.80E-09	2.80E-09
2.58E-09	2.58E-09
2.32E-09	2.32E-09
1.95E-09	1.95E-09
1.51E-09	1.51E-09
1.05E-09	1.05E-09
5.23E-10	5.23E-10
-2.58E-12	-2.58E-12
-5.72E-10	-5.72E-10
-1.11E-09	-1.11E-09
-1.65E-09	-1.65E-09
-2.14E-09	-2.14E-09
-2.59E-09	-2.59E-09
-2.98E-09	-2.98E-09
-3.29E-09	-3.29E-09
-3.53E-09	-3.53E-09
-3.67E-09	-3.67E-09
-3.72E-09	-3.72E-09
-3.68E-09	-3.68E-09
-3.55E-09	-3.55E-09
-3.34E-09	-3.34E-09
-3.04E-09	-3.04E-09
-2.69E-09	-2.69E-09
-2.27E-09	-2.27E-09
-1.82E-09	-1.82E-09
-1.31E-09	-1.31E-09
-8.11E-10	-8.11E-10
-2.94E-10	-2.94E-10
2.32E-10	2.32E-10
-2.50E-09	-2.50E-09
-2.85E-09	-2.85E-09
-2.95E-09	-2.95E-09
-2.96E-09	-2.96E-09
-2.94E-09	-2.94E-09
-2.84E-09	-2.84E-09
-2.67E-09	-2.67E-09
-2.43E-09	-2.43E-09
-2.13E-09	-2.13E-09
-1.79E-09	-1.79E-09
-1.39E-09	-1.39E-09
-9.74E-10	-9.74E-10
-5.25E-10	-5.25E-10
-9.44E-11	-9.44E-11
3.52E-10	3.52E-10
7.80E-10	7.80E-10
1.15E-09	1.15E-09
1.50E-09	1.50E-09
1.76E-09	1.76E-09
2.00E-09	2.00E-09
2.15E-09	2.15E-09
2.25E-09	2.25E-09
2.26E-09	2.26E-09
2.22E-09	2.22E-09
2.11E-09	2.11E-09
1.94E-09	1.94E-09
1.74E-09	1.74E-09
1.48E-09	1.48E-09
1.19E-09	1.19E-09
9.10E-10	9.10E-10
6.11E-10	6.11E-10
3.43E-10	3.43E-10
3.10E-10	3.10E-10
3.45E-10	3.45E-10
-3.64E-09	-3.64E-09
-9.85E-09	-9.85E-09
-6.53E-09	-6.53E-09
6.67E-09	6.67E-09
1.74E-08	1.74E-08
1.69E-08	1.69E-08
4.17E-09	4.17E-09
-1.01E-08	-1.01E-08
-2.04E-08	-2.04E-08
-2.37E-08	-2.37E-08
-1.51E-08	-1.51E-08
3.82E-09	3.82E-09
1.62E-08	1.62E-08
1.51E-08	1.51E-08
1.21E-08	1.21E-08
1.52E-08	1.52E-08
1.59E-08	1.59E-08
3.78E-09	3.78E-09
-1.56E-08	-1.56E-08
-2.41E-08	-2.41E-08
-2.13E-08	-2.13E-08
-9.53E-09	-9.53E-09
4.59E-09	4.59E-09
1.58E-08	1.58E-08
1.82E-08	1.82E-08
6.05E-09	6.05E-09
-7.33E-09	-7.33E-09
-8.54E-09	-8.54E-09
-3.43E-09	-3.43E-09
-2.21E-10	-2.21E-10
2.71E-10	2.71E-10
2.87E-10	2.87E-10
6.09E-10	6.09E-10
9.23E-10	9.23E-10
1.20E-09	1.20E-09
1.49E-09	1.49E-09
1.73E-09	1.73E-09
1.95E-09	1.95E-09
2.11E-09	2.11E-09
2.22E-09	2.22E-09
2.27E-09	2.27E-09
2.24E-09	2.24E-09
2.16E-09	2.16E-09
1.99E-09	1.99E-09
1.76E-09	1.76E-09
1.49E-09	1.49E-09
1.14E-09	1.14E-09
7.73E-10	7.73E-10
3.47E-10	3.47E-10
-7.43E-11	-7.43E-11
-5.30E-10	-5.30E-10
-9.58E-10	-9.58E-10
-1.39E-09	-1.39E-09
-1.78E-09	-1.78E-09
-2.13E-09	-2.13E-09
-2.43E-09	-2.43E-09
-2.67E-09	-2.67E-09
-2.84E-09	-2.84E-09
-2.93E-09	-2.93E-09
-2.96E-09	-2.96E-09
-2.91E-09	-2.91E-09
-2.78E-09	-2.78E-09
-2.59E-09	-2.59E-09
-2.33E-09	-2.33E-09
-1.99E-09	-1.99E-09
-1.65E-09	-1.65E-09
-1.22E-09	-1.22E-09
-2.30E-09	-2.30E-09
-2.27E-09	-2.27E-09
-2.19E-09	-2.19E-09
-2.02E-09	-2.02E-09
-1.81E-09	-1.81E-09
-1.55E-09	-1.55E-09
-1.26E-09	-1.26E-09
-9.42E-10	-9.42E-10
-5.96E-10	-5.96E-10
-2.58E-10	-2.58E-10
9.39E-11	9.39E-11
4.16E-10	4.16E-10
7.31E-10	7.31E-10
9.98E-10	9.98E-10
1.24E-09	1.24E-09
1.44E-09	1.44E-09
1.57E-09	1.57E-09
1.64E-09	1.64E-09
1.68E-09	1.68E-09
1.66E-09	1.66E-09
1.59E-09	1.59E-09
1.47E-09	1.47E-09
1.31E-09	1.31E-09
1.12E-09	1.12E-09
9.13E-10	9.13E-10
6.79E-10	6.79E-10
4.55E-10	4.55E-10
2.24E-10	2.24E-10
-5.67E-12	-5.67E-12
-1.79E-10	-1.79E-10
-3.34E-10	-3.34E-10
-4.38E-10	-4.38E-10
-2.74E-10	-2.74E-10
-1.47E-10	-1.47E-10
-3.77E-09	-3.77E-09
-8.93E-09	-8.93E-09
-4.41E-09	-4.41E-09
7.83E-09	7.83E-09
1.49E-08	1.49E-08
1.19E-08	1.19E-08
1.46E-09	1.46E-09
-8.09E-09	-8.09E-09
-1.47E-08	-1.47E-08
-1.66E-08	-1.66E-08
-9.55E-09	-9.55E-09
4.97E-09	4.97E-09
1.22E-08	1.22E-08
7.60E-09	7.60E-09
3.59E-09	3.59E-09
7.64E-09	7.64E-09
1.15E-08	1.15E-08
5.21E-09	5.21E-09
-9.70E-09	-9.70E-09
-1.73E-08	-1.73E-08
-1.57E-08	-1.57E-08
-7.52E-09	-7.52E-09
1.81E-09	1.81E-09
1.12E-08	1.12E-08
1.58E-08	1.58E-08
6.73E-09	6.73E-09
-5.23E-09	-5.23E-09
-7.30E-09	-7.30E-09
-3.60E-09	-3.60E-09
-8.08E-10	-8.08E-10
-3.06E-10	-3.06E-10
-5.17E-10	-5.17E-10
-3.39E-10	-3.39E-10
-1.71E-10	-1.71E-10
4.74E-12	4.74E-12
2.27E-10	2.27E-10
4.45E-10	4.45E-10
6.84E-10	6.84E-10
9.03E-10	9.03E-10
1.12E-09	1.12E-09
1.31E-09	1.31E-09
1.47E-09	1.47E-09
1.59E-09	1.59E-09
1.66E-09	1.66E-09
1.68E-09	1.68E-09
1.65E-09	1.65E-09
1.56E-09	1.56E-09
1.43E-09	1.43E-09
1.23E-09	1.23E-09
9.91E-10	9.91E-10
7.26E-10	7.26E-10
4.29E-10	4.29E-10
8.51E-11	8.51E-11
-2.67E-10	-2.67E-10
-6.05E-10	-6.05E-10
-9.46E-10	-9.46E-10
-1.26E-09	-1.26E-09
-1.56E-09	-1.56E-09
-1.81E-09	-1.81E-09
-2.02E-09	-2.02E-09
-2.17E-09	-2.17E-09
-2.27E-09	-2.27E-09
-2.31E-09	-2.31E-09
-2.29E-09	-2.29E-09
-2.21E-09	-2.21E-09
-2.07E-09	-2.07E-09
-1.85E-09	-1.85E-09
-1.58E-09	-1.58E-09
-1.39E-09	-1.39E-09
-1.19E-09	-1.19E-09
-9.71E-10	-9.71E-10
-7.19E-10	-7.19E-10
-4.65E-10	-4.65E-10
-1.94E-10	-1.94E-10
6.04E-11	6.04E-11
3.15E-10	3.15E-10
5.37E-10	5.37E-10
7.43E-10	7.43E-10
9.11E-10	9.11E-10
1.05E-09	1.05E-09
1.14E-09	1.14E-09
1.19E-09	1.19E-09
1.20E-09	1.20E-09
1.17E-09	1.17E-09
1.10E-09	1.10E-09
1.01E-09	1.01E-09
8.77E-10	8.77E-10
7.36E-10	7.36E-10
5.69E-10	5.69E-10
4.09E-10	4.09E-10
2.36E-10	2.36E-10
8.27E-11	8.27E-11
-6.85E-11	-6.85E-11
-2.05E-10	-2.05E-10
-2.95E-10	-2.95E-10
-3.76E-10	-3.76E-10
-4.05E-10	-4.05E-10
-4.06E-10	-4.06E-10
-3.80E-10	-3.80E-10
-8.19E-11	-8.19E-11
2.90E-10	2.90E-10
-2.92E-09	-2.92E-09
-7.66E-09	-7.66E-09
-2.82E-09	-2.82E-09
8.21E-09	8.21E-09
1.22E-08	1.22E-08
7.73E-09	7.73E-09
5.92E-10	5.92E-10
-5.51E-09	-5.51E-09
-1.09E-08	-1.09E-08
-1.26E-08	-1.26E-08
-6.11E-09	-6.11E-09
4.94E-09	4.94E-09
8.53E-09	8.53E-09
4.45E-09	4.45E-09
2.39E-09	2.39E-09
4.43E-09	4.43E-09
7.79E-09	7.79E-09
5.14E-09	5.14E-09
-5.98E-09	-5.98E-09
-1.30E-08	-1.30E-08
-1.15E-08	-1.15E-08
-5.22E-09	-5.22E-09
7.64E-10	7.64E-10
7.78E-09	7.78E-09
1.27E-08	1.27E-08
6.40E-09	6.40E-09
-3.23E-09	-3.23E-09
-5.41E-09	-5.41E-09
-2.86E-09	-2.86E-09
6.45E-10	6.45E-10
-9.68E-11	-9.68E-11
-4.30E-10	-4.30E-10
-4.10E-10	-4.10E-10
-4.00E-10	-4.00E-10
-3.70E-10	-3.70E-10
-2.95E-10	-2.95E-10
-1.99E-10	-1.99E-10
-6.59E-11	-6.59E-11
7.27E-11	7.27E-11
2.40E-10	2.40E-10
3.99E-10	3.99E-10
5.73E-10	5.73E-10
7.40E-10	7.40E-10
8.79E-10	8.79E-10
1.01E-09	1.01E-09
1.10E-09	1.10E-09
1.17E-09	1.17E-09
1.20E-09	1.20E-09
1.19E-09	1.19E-09
1.14E-09	1.14E-09
1.04E-09	1.04E-09
9.17E-10	9.17E-10
7.41E-10	7.41E-10
5.46E-10	5.46E-10
3.12E-10	3.12E-10
5.82E-11	5.82E-11
-1.96E-10	-1.96E-10
-4.67E-10	-4.67E-10
-7.21E-10	-7.21E-10
-9.73E-10	-9.73E-10
-1.19E-09	-1.19E-09
-1.40E-09	-1.40E-09
-1.56E-09	-1.56E-09
-1.68E-09	-1.68E-09
-1.75E-09	-1.75E-09
-1.79E-09	-1.79E-09
-1.81E-09	-1.81E-09
-8.46E-10	-8.46E-10
-6.79E-10	-6.79E-10
-4.69E-10	-4.69E-10
-2.71E-10	-2.71E-10
-7.97E-11	-7.97E-11
1.11E-10	1.11E-10
2.84E-10	2.84E-10
4.41E-10	4.41E-10
5.74E-10	5.74E-10
6.82E-10	6.82E-10
7.59E-10	7.59E-10
8.07E-10	8.07E-10
8.20E-10	8.20E-10
8.41E-10	8.41E-10
7.67E-10	7.67E-10
7.00E-10	7.00E-10
6.18E-10	6.18E-10
5.15E-10	5.15E-10
4.11E-10	4.11E-10
3.01E-10	3.01E-10
1.85E-10	1.85E-10
7.58E-11	7.58E-11
-2.45E-11	-2.45E-11
-1.05E-10	-1.05E-10
-1.69E-10	-1.69E-10
-2.14E-10	-2.14E-10
-2.42E-10	-2.42E-10
-2.42E-10	-2.42E-10
-2.25E-10	-2.25E-10
-1.83E-10	-1.83E-10
-1.25E-10	-1.25E-10
1.27E-11	1.27E-11
2.74E-10	2.74E-10
6.25E-10	6.25E-10
-2.18E-09	-2.18E-09
-3.71E-09	-3.71E-09
-2.08E-09	-2.08E-09
6.82E-09	6.82E-09
8.81E-09	8.81E-09
5.45E-09	5.45E-09
3.77E-10	3.77E-10
-3.33E-09	-3.33E-09
-7.82E-09	-7.82E-09
-9.06E-09	-9.06E-09
-3.73E-09	-3.73E-09
3.82E-09	3.82E-09
5.39E-09	5.39E-09
2.50E-09	2.50E-09
1.84E-09	1.84E-09
2.48E-09	2.48E-09
5.59E-09	5.59E-09
4.06E-09	4.06E-09
-4.00E-09	-4.00E-09
-1.02E-08	-1.02E-08
-6.49E-09	-6.49E-09
-2.77E-09	-2.77E-09
6.00E-10	6.00E-10
5.11E-09	5.11E-09
8.27E-09	8.27E-09
5.97E-09	5.97E-09
-1.70E-09	-1.70E-09
-3.80E-09	-3.80E-09
-2.00E-09	-2.00E-09
3.47E-10	3.47E-10
2.75E-10	2.75E-10
-1.00E-10	-1.00E-10
-1.14E-10	-1.14E-10
-1.77E-10	-1.77E-10
-2.21E-10	-2.21E-10
-2.44E-10	-2.44E-10
-2.40E-10	-2.40E-10
-2.16E-10	-2.16E-10
-1.68E-10	-1.68E-10
-1.05E-10	-1.05E-10
-2.94E-11	-2.94E-11
7.29E-11	7.29E-11
1.83E-10	1.83E-10
2.99E-10	2.99E-10
4.09E-10	4.09E-10
5.23E-10	5.23E-10
6.20E-10	6.20E-10
7.00E-10	7.00E-10
7.68E-10	7.68E-10
8.12E-10	8.12E-10
8.22E-10	8.22E-10
8.06E-10	8.06E-10
7.58E-10	7.58E-10
6.84E-10	6.84E-10
5.76E-10	5.76E-10
4.42E-10	4.42E-10
2.87E-10	2.87E-10
1.12E-10	1.12E-10
-7.92E-11	-7.92E-11
-2.72E-10	-2.72E-10
-4.74E-10	-4.74E-10
-6.59E-10	-6.59E-10
-8.36E-10	-8.36E-10
-9.98E-10	-9.98E-10
-1.13E-09	-1.13E-09
-1.24E-09	-1.24E-09
-1.32E-09	-1.32E-09
-3.72E-10	-3.72E-10
-2.55E-10	-2.55E-10
-1.29E-10	-1.29E-10
1.13E-11	1.13E-11
1.38E-10	1.38E-10
2.52E-10	2.52E-10
3.51E-10	3.51E-10
4.29E-10	4.29E-10
4.90E-10	4.90E-10
5.24E-10	5.24E-10
5.38E-10	5.38E-10
5.31E-10	5.31E-10
5.06E-10	5.06E-10
4.66E-10	4.66E-10
4.08E-10	4.08E-10
3.42E-10	3.42E-10
2.75E-10	2.75E-10
2.01E-10	2.01E-10
1.29E-10	1.29E-10
6.35E-11	6.35E-11
4.20E-12	4.20E-12
-4.79E-11	-4.79E-11
-7.91E-11	-7.91E-11
-1.00E-10	-1.00E-10
-1.21E-10	-1.21E-10
-1.03E-10	-1.03E-10
-8.69E-11	-8.69E-11
-5.71E-11	-5.71E-11
-2.19E-11	-2.19E-11
1.82E-11	1.82E-11
5.26E-11	5.26E-11
1.31E-10	1.31E-10
3.28E-10	3.28E-10
7.67E-10	7.67E-10
-1.46E-09	-1.46E-09
-3.00E-09	-3.00E-09
-1.99E-09	-1.99E-09
2.82E-09	2.82E-09
5.49E-09	5.49E-09
3.52E-09	3.52E-09
9.62E-10	9.62E-10
-6.92E-10	-6.92E-10
-5.09E-09	-5.09E-09
-7.37E-09	-7.37E-09
-2.68E-09	-2.68E-09
2.11E-09	2.11E-09
3.00E-09	3.00E-09
1.35E-09	1.35E-09
1.26E-09	1.26E-09
1.43E-09	1.43E-09
2.95E-09	2.95E-09
2.22E-09	2.22E-09
-2.85E-09	-2.85E-09
-6.98E-09	-6.98E-09
-3.17E-09	-3.17E-09
-7.27E-10	-7.27E-10
7.82E-10	7.82E-10
3.60E-09	3.60E-09
5.29E-09	5.29E-09
3.56E-09	3.56E-09
-2.06E-09	-2.06E-09
-3.60E-09	-3.60E-09
-1.31E-09	-1.31E-09
4.76E-10	4.76E-10
3.61E-10	3.61E-10
1.54E-10	1.54E-10
7.08E-11	7.08E-11
2.68E-11	2.68E-11
-1.69E-11	-1.69E-11
-6.02E-11	-6.02E-11
-9.94E-11	-9.94E-11
-1.00E-10	-1.00E-10
-1.09E-10	-1.09E-10
-1.01E-10	-1.01E-10
-8.13E-11	-8.13E-11
-4.21E-11	-4.21E-11
6.22E-12	6.22E-12
6.46E-11	6.46E-11
1.29E-10	1.29E-10
2.01E-10	2.01E-10
2.73E-10	2.73E-10
3.44E-10	3.44E-10
4.09E-10	4.09E-10
4.66E-10	4.66E-10
5.05E-10	5.05E-10
5.34E-10	5.34E-10
5.36E-10	5.36E-10
5.22E-10	5.22E-10
4.86E-10	4.86E-10
4.31E-10	4.31E-10
3.48E-10	3.48E-10
2.52E-10	2.52E-10
1.37E-10	1.37E-10
5.69E-12	5.69E-12
-1.15E-10	-1.15E-10
-2.71E-10	-2.71E-10
-4.14E-10	-4.14E-10
-5.49E-10	-5.49E-10
-6.80E-10	-6.80E-10
-7.91E-10	-7.91E-10
-8.62E-10	-8.62E-10
-2.95E-10	-2.95E-10
-1.84E-10	-1.84E-10
-8.20E-11	-8.20E-11
1.99E-11	1.99E-11
1.05E-10	1.05E-10
1.82E-10	1.82E-10
2.49E-10	2.49E-10
2.97E-10	2.97E-10
3.32E-10	3.32E-10
3.51E-10	3.51E-10
3.58E-10	3.58E-10
3.47E-10	3.47E-10
3.26E-10	3.26E-10
2.95E-10	2.95E-10
2.59E-10	2.59E-10
2.10E-10	2.10E-10
1.72E-10	1.72E-10
1.28E-10	1.28E-10
8.73E-11	8.73E-11
5.19E-11	5.19E-11
2.21E-11	2.21E-11
5.56E-13	5.56E-13
-1.33E-11	-1.33E-11
-1.70E-11	-1.70E-11
-1.69E-11	-1.69E-11
-4.88E-12	-4.88E-12
7.50E-12	7.50E-12
7.66E-12	7.66E-12
3.73E-11	3.73E-11
4.38E-11	4.38E-11
4.74E-11	4.74E-11
8.92E-11	8.92E-11
2.86E-10	2.86E-10
4.19E-10	4.19E-10
-5.75E-10	-5.75E-10
-2.28E-09	-2.28E-09
-2.08E-09	-2.08E-09
6.69E-11	6.69E-11
2.81E-09	2.81E-09
2.38E-09	2.38E-09
2.19E-09	2.19E-09
1.62E-09	1.62E-09
-2.31E-09	-2.31E-09
-4.21E-09	-4.21E-09
-2.52E-09	-2.52E-09
8.06E-10	8.06E-10
1.14E-09	1.14E-09
6.50E-10	6.50E-10
5.70E-10	5.70E-10
6.59E-10	6.59E-10
1.13E-09	1.13E-09
7.09E-10	7.09E-10
-2.56E-09	-2.56E-09
-4.06E-09	-4.06E-09
3.05E-10	3.05E-10
1.46E-09	1.46E-09
2.19E-09	2.19E-09
2.95E-09	2.95E-09
2.74E-09	2.74E-09
7.39E-10	7.39E-10
-2.88E-09	-2.88E-09
-2.87E-09	-2.87E-09
-5.68E-10	-5.68E-10
4.29E-10	4.29E-10
2.92E-10	2.92E-10
1.23E-10	1.23E-10
6.32E-11	6.32E-11
4.34E-11	4.34E-11
3.66E-11	3.66E-11
8.71E-12	8.71E-12
7.01E-12	7.01E-12
-4.51E-12	-4.51E-12
-1.46E-11	-1.46E-11
-1.71E-11	-1.71E-11
-1.32E-11	-1.32E-11
-2.43E-13	-2.43E-13
2.25E-11	2.25E-11
5.17E-11	5.17E-11
8.77E-11	8.77E-11
1.28E-10	1.28E-10
1.72E-10	1.72E-10
2.10E-10	2.10E-10
2.59E-10	2.59E-10
2.97E-10	2.97E-10
3.28E-10	3.28E-10
3.47E-10	3.47E-10
3.58E-10	3.58E-10
3.55E-10	3.55E-10
3.32E-10	3.32E-10
2.97E-10	2.97E-10
2.47E-10	2.47E-10
1.82E-10	1.82E-10
1.05E-10	1.05E-10
1.57E-11	1.57E-11
-8.13E-11	-8.13E-11
-1.84E-10	-1.84E-10
-2.88E-10	-2.88E-10
-3.92E-10	-3.92E-10
-4.91E-10	-4.91E-10
-5.83E-10	-5.83E-10
-6.64E-10	-6.64E-10
-3.61E-10	-3.61E-10
-2.74E-10	-2.74E-10
-1.76E-10	-1.76E-10
-7.88E-11	-7.88E-11
9.25E-12	9.25E-12
9.23E-11	9.23E-11
1.68E-10	1.68E-10
2.25E-10	2.25E-10
2.73E-10	2.73E-10
3.07E-10	3.07E-10
3.23E-10	3.23E-10
3.29E-10	3.29E-10
3.21E-10	3.21E-10
3.03E-10	3.03E-10
2.75E-10	2.75E-10
2.41E-10	2.41E-10
2.04E-10	2.04E-10
1.65E-10	1.65E-10
1.21E-10	1.21E-10
9.15E-11	9.15E-11
6.10E-11	6.10E-11
3.63E-11	3.63E-11
2.04E-11	2.04E-11
1.12E-11	1.12E-11
1.47E-11	1.47E-11
1.22E-11	1.22E-11
2.31E-11	2.31E-11
3.53E-11	3.53E-11
4.08E-11	4.08E-11
7.11E-11	7.11E-11
1.53E-10	1.53E-10
2.70E-10	2.70E-10
9.01E-10	9.01E-10
1.67E-09	1.67E-09
1.85E-09	1.85E-09
-3.95E-09	-3.95E-09
-3.60E-09	-3.60E-09
-6.36E-09	-6.36E-09
1.43E-09	1.43E-09
4.80E-09	4.80E-09
6.93E-09	6.93E-09
8.93E-09	8.93E-09
2.62E-09	2.62E-09
-2.92E-09	-2.92E-09
-6.56E-09	-6.56E-09
-2.77E-09	-2.77E-09
-4.95E-10	-4.95E-10
1.74E-10	1.74E-10
-3.81E-10	-3.81E-10
1.69E-10	1.69E-10
-5.08E-10	-5.08E-10
-2.77E-09	-2.77E-09
-6.52E-09	-6.52E-09
-2.94E-09	-2.94E-09
3.71E-09	3.71E-09
8.90E-09	8.90E-09
6.97E-09	6.97E-09
4.77E-09	4.77E-09
1.50E-09	1.50E-09
-6.36E-09	-6.36E-09
-8.03E-09	-8.03E-09
-3.97E-09	-3.97E-09
1.86E-09	1.86E-09
1.66E-09	1.66E-09
9.11E-10	9.11E-10
2.71E-10	2.71E-10
1.52E-10	1.52E-10
7.02E-11	7.02E-11
4.07E-11	4.07E-11
3.75E-11	3.75E-11
2.26E-11	2.26E-11
1.18E-11	1.18E-11
1.55E-11	1.55E-11
1.13E-11	1.13E-11
2.05E-11	2.05E-11
3.63E-11	3.63E-11
6.12E-11	6.12E-11
9.16E-11	9.16E-11
1.26E-10	1.26E-10
1.65E-10	1.65E-10
2.04E-10	2.04E-10
2.41E-10	2.41E-10
2.75E-10	2.75E-10
3.02E-10	3.02E-10
3.16E-10	3.16E-10
3.29E-10	3.29E-10
3.23E-10	3.23E-10
3.07E-10	3.07E-10
2.72E-10	2.72E-10
2.25E-10	2.25E-10
1.68E-10	1.68E-10
9.24E-11	9.24E-11
9.15E-12	9.15E-12
-8.08E-11	-8.08E-11
-1.77E-10	-1.77E-10
-2.74E-10	-2.74E-10
-3.70E-10	-3.70E-10
-4.60E-10	-4.60E-10
-5.42E-10	-5.42E-10
-6.10E-10	-6.10E-10
-6.57E-10	-6.57E-10
